

#Camera Set-up
camera 3 8 -5 -.4 -.6 1 0 1 0 26
output_image output.bmp
#film_resolution 100 100
#film_resolution 200 200
film_resolution 300 300
film_resolution 800 600
#film_resolution 800 600
#film_resolution 1024 768
#film_resolution 1920 1080


#White overhead light
#point_light 8 8 8 0 6 8
#point_light 20 20 20 20 20 10
#point_light 10 10 10 2 2 5
directional_light .2 .2 .2 0 -1 .2
directional_light .7 .7 .7 0 -.2 1
#directional_light .7 .7 .7 0 0 1
#point_light 50 50 50 10 5 -5
ambient_light .4 .4 .4
background .73 .83 1
#background .072 .075 .08

max_depth 2



max_vertices 398
max_normals 1930
vertex -0.336559 4.512809 -0.965533
vertex 0.060458 4.512809 -1.034678
vertex -0.336559 0.783999 -0.965534
vertex 0.060458 0.783999 -1.034678
vertex -0.660189 4.531429 -0.758631
vertex -0.660189 0.793309 -0.758631
vertex 0.767565 4.512809 0.672429
vertex 0.462353 4.503499 0.90942
vertex 0.767565 0.783999 0.672429
vertex 0.462353 0.765379 0.90942
vertex 0.984338 4.512809 0.348005
vertex 0.984338 0.783999 0.348005
vertex 1.060458 4.512809 -0.034678
vertex 1.060458 0.783999 -0.034678
vertex 0.984337 4.512809 -0.417362
vertex 0.984337 0.783999 -0.417362
vertex 0.767565 4.512809 -0.741785
vertex 0.767565 0.783999 -0.741785
vertex 0.443141 4.512809 -0.958558
vertex 0.443141 0.783999 -0.958558
vertex -1.463494 4.83519 2.755651
vertex -0.463494 4.83519 2.755651
vertex -1.463494 5.83519 2.755651
vertex -0.463494 5.83519 2.755651
vertex -1.463494 5.83519 1.755651
vertex -0.463494 5.83519 1.755651
vertex -1.463494 4.83519 1.755651
vertex -0.463494 4.83519 1.755651
vertex 0.0 5.288369 -1.0
vertex -0.382683 5.288369 -0.923879
vertex -0.707107 5.288369 -0.707107
vertex -0.923879 5.288369 -0.382683
vertex -1.0 5.288369 0.0
vertex -0.923879 5.288369 0.382683
vertex -0.707107 5.288369 0.707107
vertex -0.382683 5.288369 0.92388
vertex 0.0 5.288369 1.0
vertex 0.382683 5.288369 0.923879
vertex 0.707107 5.288369 0.707107
vertex 0.92388 5.288369 0.382683
vertex 1.0 5.288369 0.0
vertex 0.923879 5.288369 -0.382684
vertex 0.707107 5.288369 -0.707107
vertex 0.382683 5.288369 -0.92388
vertex 0.0 0.008439 -1.0
vertex -0.382683 0.008439 -0.92388
vertex -0.707107 0.008439 -0.707107
vertex -0.923879 0.008439 -0.382683
vertex -1.0 0.008439 0.0
vertex -0.923879 0.008439 0.382683
vertex -0.707107 0.008439 0.707107
vertex -0.382683 0.008439 0.92388
vertex 0.0 0.008439 1.0
vertex 0.382683 0.008439 0.923879
vertex 0.707107 0.008439 0.707107
vertex 0.92388 0.008439 0.382683
vertex 1.0 0.008439 0.0
vertex 0.923879 0.008439 -0.382684
vertex 0.707107 0.008439 -0.707107
vertex 0.382683 0.008439 -0.92388
vertex 0.0 0.247238 0.0
vertex 0.66764 5.604648 0.66764
vertex 0.539909 5.91891 0.539909
vertex 0.223643 6.232555 0.223643
vertex 0.872314 5.604648 0.361324
vertex 0.705425 5.91891 0.292196
vertex 0.292204 6.232555 0.121035
vertex 0.944186 5.604648 0.0
vertex 0.763547 5.91891 0.0
vertex 0.316279 6.232555 0.0
vertex 0.872314 5.604648 -0.361325
vertex 0.705425 5.91891 -0.292197
vertex 0.292204 6.232555 -0.121035
vertex 0.66764 5.604648 -0.667641
vertex 0.539909 5.91891 -0.539909
vertex 0.223643 6.232555 -0.223643
vertex 0.361324 5.604648 -0.872314
vertex 0.292197 5.91891 -0.705425
vertex 0.121035 6.232555 -0.292204
vertex 0.0 5.604648 -0.944186
vertex 0.0 5.91891 -0.763547
vertex 0.0 6.232555 -0.316279
vertex -0.361324 5.604648 -0.872314
vertex -0.292197 5.91891 -0.705425
vertex -0.121035 6.232555 -0.292204
vertex -0.66764 5.604648 -0.66764
vertex -0.539909 5.91891 -0.539909
vertex -0.223643 6.232555 -0.223643
vertex -0.872314 5.604648 -0.361324
vertex -0.705425 5.91891 -0.292197
vertex -0.292204 6.232555 -0.121035
vertex -0.944186 5.604648 0.0
vertex -0.763547 5.91891 0.0
vertex -0.316279 6.232555 0.0
vertex -0.872314 5.604648 0.361324
vertex -0.705425 5.91891 0.292197
vertex -0.292204 6.232555 0.121035
vertex -0.66764 5.604648 0.66764
vertex -0.539909 5.91891 0.539909
vertex -0.223643 6.232555 0.223643
vertex -0.361324 5.604648 0.872314
vertex -0.292197 5.91891 0.705425
vertex -0.121035 6.232555 0.292204
vertex 0.0 5.604648 0.944186
vertex 0.0 5.91891 0.763547
vertex 0.0 6.232555 0.316279
vertex 0.361324 5.604648 0.872314
vertex 0.292197 5.91891 0.705425
vertex 0.121035 6.232555 0.292204
vertex 0.223643 6.966692 0.223643
vertex 0.121035 6.966692 0.292204
vertex 0.292204 6.966692 0.121035
vertex 0.0 6.966692 0.316279
vertex 0.316279 6.966692 0.0
vertex -0.121035 6.966692 0.292204
vertex 0.292204 6.966692 -0.121035
vertex -0.223643 6.966692 0.223643
vertex 0.223643 6.966692 -0.223643
vertex -0.292204 6.966692 0.121035
vertex 0.121035 6.966692 -0.292204
vertex -0.316279 6.966692 0.0
vertex 0.0 6.966692 -0.316279
vertex -0.292204 6.966692 -0.121035
vertex -0.121035 6.966692 -0.292204
vertex -0.223643 6.966692 -0.223643
vertex 0.223643 6.599623 0.223643
vertex 0.121035 6.599623 0.292204
vertex 0.292204 6.599623 0.121035
vertex 0.0 6.599623 0.316279
vertex 0.316279 6.599623 0.0
vertex -0.121035 6.599623 0.292204
vertex 0.292204 6.599623 -0.121035
vertex -0.223643 6.599623 0.223643
vertex 0.223643 6.599623 -0.223643
vertex -0.292204 6.599623 0.121035
vertex 0.121035 6.599623 -0.292204
vertex -0.316279 6.599623 0.0
vertex 0.0 6.599623 -0.316279
vertex -0.292204 6.599623 -0.121035
vertex -0.121035 6.599623 -0.292204
vertex -0.223643 6.599623 -0.223643
vertex 0.223643 6.545721 0.223643
vertex 0.121035 6.545721 0.292204
vertex 0.292204 6.545721 0.121035
vertex 0.0 6.545721 0.316279
vertex 0.316279 6.545721 0.0
vertex -0.121035 6.545721 0.292204
vertex 0.292204 6.545721 -0.121035
vertex -0.223643 6.545721 0.223643
vertex 0.223643 6.545721 -0.223643
vertex -0.292204 6.545721 0.121035
vertex 0.121035 6.545721 -0.292204
vertex -0.316279 6.545721 0.0
vertex 0.0 6.545721 -0.316279
vertex -0.292204 6.545721 -0.121035
vertex -0.121035 6.545721 -0.292204
vertex -0.223643 6.545721 -0.223643
vertex 0.159582 6.545721 0.385265
vertex 0.159582 6.599623 0.385265
vertex 0.294869 6.599623 0.294869
vertex 0.294869 6.545721 0.294869
vertex 0.385265 6.599623 0.159582
vertex 0.385265 6.545721 0.159582
vertex 0.0 6.545721 0.417007
vertex 0.0 6.599623 0.417007
vertex 0.417007 6.599623 0.0
vertex 0.417007 6.545721 0.0
vertex -0.159582 6.545721 0.385265
vertex -0.159582 6.599623 0.385265
vertex 0.385265 6.599623 -0.159582
vertex 0.385265 6.545721 -0.159582
vertex -0.294869 6.545721 0.294869
vertex -0.294869 6.599623 0.294869
vertex 0.294869 6.599623 -0.294869
vertex 0.294869 6.545721 -0.294869
vertex -0.385265 6.545721 0.159582
vertex -0.385265 6.599623 0.159582
vertex 0.159582 6.599623 -0.385265
vertex 0.159582 6.545721 -0.385265
vertex -0.417007 6.545721 0.0
vertex -0.417007 6.599623 0.0
vertex 0.0 6.599623 -0.417007
vertex 0.0 6.545721 -0.417007
vertex -0.385265 6.545721 -0.159582
vertex -0.385265 6.599623 -0.159582
vertex -0.159582 6.599623 -0.385265
vertex -0.159582 6.545721 -0.385265
vertex -0.294869 6.545721 -0.294869
vertex -0.294869 6.599623 -0.294869
vertex 0.223643 6.781323 0.223643
vertex 0.121035 6.781323 0.292204
vertex 0.292204 6.781323 0.121035
vertex 0.0 6.781323 0.316279
vertex 0.316279 6.781323 0.0
vertex -0.121035 6.781323 0.292204
vertex 0.292204 6.781323 -0.121035
vertex -0.223643 6.781323 0.223643
vertex 0.223643 6.781323 -0.223643
vertex -0.292204 6.781323 0.121035
vertex 0.121035 6.781323 -0.292204
vertex -0.316279 6.781323 0.0
vertex 0.0 6.781323 -0.316279
vertex -0.292204 6.781323 -0.121035
vertex -0.121035 6.781323 -0.292204
vertex -0.223643 6.781323 -0.223643
vertex 0.0 0.057331 -0.498947
vertex -0.190938 0.057331 -0.460967
vertex -0.352809 0.057331 -0.352809
vertex -0.460966 0.057331 -0.190939
vertex -0.498946 0.057331 0.0
vertex -0.460966 0.057331 0.190938
vertex -0.352809 0.057331 0.352809
vertex -0.190938 0.057331 0.460967
vertex 0.0 0.057331 0.498946
vertex 0.190939 0.057331 0.460966
vertex 0.352809 0.057331 0.352809
vertex 0.460967 0.057331 0.190938
vertex 0.498947 0.057331 0.0
vertex 0.460966 0.057331 -0.190939
vertex 0.352809 0.057331 -0.352809
vertex 0.190939 0.057331 -0.460967
vertex 0.0 0.247238 -0.247524
vertex -0.094723 0.247238 -0.228682
vertex -0.175026 0.247238 -0.175026
vertex -0.228682 0.247238 -0.094723
vertex -0.247524 0.247238 0.0
vertex -0.228682 0.247238 0.094723
vertex -0.175026 0.247238 0.175026
vertex -0.094723 0.247238 0.228682
vertex 0.0 0.247238 0.247524
vertex 0.094723 0.247238 0.228682
vertex 0.175026 0.247238 0.175026
vertex 0.228682 0.247238 0.094723
vertex 0.247524 0.247238 0.0
vertex 0.228682 0.247238 -0.094723
vertex 0.175026 0.247238 -0.175026
vertex 0.094723 0.247238 -0.228682
vertex 0.086107 0.189892 -0.215787
vertex 0.0 0.189892 0.0
vertex 0.16641 0.189892 -0.162131
vertex 0.213471 0.189892 -0.091697
vertex 0.232313 0.189892 0.003026
vertex 0.215787 0.189892 0.086107
vertex 0.162131 0.189892 0.16641
vertex 0.091697 0.189892 0.213471
vertex -0.003026 0.189892 0.232313
vertex -0.086107 0.189892 0.215787
vertex -0.16641 0.189892 0.162131
vertex -0.213471 0.189892 0.091697
vertex -0.232313 0.189892 -0.003026
vertex -0.215787 0.189892 -0.086107
vertex -0.162131 0.189892 -0.16641
vertex -0.091697 0.189892 -0.213471
vertex 0.003026 0.189892 -0.232313
vertex 0.192859 6.966692 0.192859
vertex 0.104375 6.966692 0.251983
vertex 0.251983 6.966692 0.104375
vertex 0.0 6.966692 0.272744
vertex 0.272744 6.966692 0.0
vertex -0.104375 6.966692 0.251983
vertex 0.251983 6.966692 -0.104375
vertex -0.192859 6.966692 0.192859
vertex 0.192859 6.966692 -0.192859
vertex -0.251983 6.966692 0.104375
vertex 0.104375 6.966692 -0.251983
vertex -0.272744 6.966692 0.0
vertex 0.0 6.966692 -0.272744
vertex -0.251983 6.966692 -0.104375
vertex -0.104375 6.966692 -0.251983
vertex -0.192859 6.966692 -0.192859
vertex 0.104375 6.116172 0.251983
vertex 0.192859 6.116172 0.192859
vertex 0.251983 6.116172 0.104375
vertex 0.0 6.116172 0.272744
vertex 0.272744 6.116172 0.0
vertex -0.104375 6.116172 0.251983
vertex 0.251983 6.116172 -0.104375
vertex -0.192859 6.116172 0.192859
vertex 0.192859 6.116172 -0.192859
vertex -0.251983 6.116172 0.104375
vertex 0.104375 6.116172 -0.251983
vertex -0.272744 6.116172 0.0
vertex 0.0 6.116172 -0.272744
vertex -0.251983 6.116172 -0.104375
vertex -0.104375 6.116172 -0.251983
vertex -0.192859 6.116172 -0.192859
vertex 0.128787 6.616561 0.31092
vertex 0.128787 6.798261 0.31092
vertex 0.237967 6.798261 0.237967
vertex 0.237967 6.616561 0.237967
vertex 0.31092 6.798261 0.128787
vertex 0.31092 6.616561 0.128787
vertex -0.0 6.616561 0.336537
vertex -0.0 6.798261 0.336537
vertex 0.336537 6.798261 -0.0
vertex 0.336537 6.616561 -0.0
vertex -0.128787 6.616561 0.31092
vertex -0.128787 6.798261 0.31092
vertex 0.31092 6.798261 -0.128787
vertex 0.31092 6.616561 -0.128787
vertex -0.237967 6.616561 0.237967
vertex -0.237967 6.798261 0.237967
vertex 0.237967 6.798261 -0.237967
vertex 0.237967 6.616561 -0.237967
vertex -0.31092 6.616561 0.128787
vertex -0.31092 6.798261 0.128787
vertex 0.128787 6.798261 -0.31092
vertex 0.128787 6.616561 -0.31092
vertex -0.336537 6.616561 0.0
vertex -0.336537 6.798261 0.0
vertex 0.0 6.798261 -0.336537
vertex 0.0 6.616561 -0.336537
vertex -0.31092 6.616561 -0.128787
vertex -0.31092 6.798261 -0.128787
vertex -0.128787 6.798261 -0.31092
vertex -0.128787 6.616561 -0.31092
vertex -0.237967 6.616561 -0.237967
vertex -0.237967 6.798261 -0.237967
vertex 0.128787 7.021605 0.31092
vertex 0.237967 7.021605 0.237967
vertex 0.31092 7.021605 0.128787
vertex -0.0 7.021605 0.336537
vertex 0.336537 7.021605 -0.0
vertex -0.128787 7.021605 0.31092
vertex 0.31092 7.021605 -0.128787
vertex -0.237967 7.021605 0.237967
vertex 0.237967 7.021605 -0.237967
vertex -0.31092 7.021605 0.128787
vertex 0.128787 7.021605 -0.31092
vertex -0.336537 7.021605 0.0
vertex 0.0 7.021605 -0.336537
vertex -0.31092 7.021605 -0.128787
vertex -0.128787 7.021605 -0.31092
vertex -0.237967 7.021605 -0.237967
vertex 0.144016 6.616561 0.347686
vertex 0.266107 6.616561 0.266107
vertex 0.347686 6.616561 0.144016
vertex -0.0 6.616561 0.376333
vertex 0.376333 6.616561 0.0
vertex -0.144016 6.616561 0.347686
vertex 0.347686 6.616561 -0.144016
vertex -0.266107 6.616561 0.266107
vertex 0.266107 6.616561 -0.266107
vertex -0.347686 6.616561 0.144016
vertex 0.144016 6.616561 -0.347686
vertex -0.376333 6.616561 -0.0
vertex 0.0 6.616561 -0.376333
vertex -0.347686 6.616561 -0.144016
vertex -0.144016 6.616561 -0.347686
vertex -0.266107 6.616561 -0.266107
vertex 0.144016 7.063997 0.347686
vertex 0.266107 7.063997 0.266107
vertex 0.347686 7.063997 0.144016
vertex -0.0 7.063997 0.376333
vertex 0.376333 7.063997 -0.0
vertex -0.144016 7.063997 0.347686
vertex 0.347686 7.063997 -0.144016
vertex -0.266107 7.063997 0.266107
vertex 0.266107 7.063997 -0.266107
vertex -0.347686 7.063997 0.144016
vertex 0.144016 7.063997 -0.347686
vertex -0.376333 7.063997 0.0
vertex 0.0 7.063997 -0.376333
vertex -0.347686 7.063997 -0.144016
vertex -0.144016 7.063997 -0.347686
vertex -0.266107 7.063997 -0.266107
vertex 0.0 7.021605 0.0
vertex 0.124174 7.141654 0.051434
vertex -0.0 7.147626 -0.0
vertex 0.134405 7.141654 0.0
vertex 0.124174 7.141654 -0.051434
vertex 0.095038 7.141654 -0.095038
vertex 0.051434 7.141654 -0.124174
vertex -0.0 7.141654 -0.134405
vertex -0.051434 7.141654 -0.124174
vertex -0.095038 7.141654 -0.095038
vertex -0.124174 7.141654 -0.051434
vertex -0.134405 7.141654 0.0
vertex -0.124174 7.141654 0.051434
vertex -0.095038 7.141654 0.095038
vertex -0.051434 7.141654 0.124174
vertex 0.0 7.141654 0.134405
vertex 0.051434 7.141654 0.124174
vertex 0.095038 7.141654 0.095038
vertex -39.183056 -0.231034 -13.607745
vertex 39.183056 -0.231034 -13.607745
vertex -39.183056 14.555651 17.125301
vertex 39.183056 14.555651 17.125301
vertex -39.183056 7.848158 17.125301
vertex -39.183056 5.351551 16.729877
vertex -39.183056 3.099328 15.582314
vertex -39.183056 1.311955 13.794939
vertex -39.183056 0.16439 11.542717
vertex 39.183056 0.16439 11.542717
vertex 39.183056 1.311955 13.794939
vertex 39.183056 3.099328 15.582314
vertex 39.183056 5.351551 16.729877
vertex 39.183056 7.848158 17.125301
normal -0.382545 0.010772 -0.923874
normal 0.000125 0.010772 -0.999942
normal -0.382683 0.0 -0.92388
normal 0.0 0.0 -1.0
normal -0.706977 0.010772 -0.707155
normal -0.382545 0.010772 -0.923874
normal -0.707107 0.0 -0.707106
normal -0.382683 0.0 -0.92388
normal 0.706976 0.010772 0.707155
normal 0.382545 0.010771 0.923874
normal 0.707106 0.0 0.707107
normal 0.382683 0.0 0.92388
normal 0.923778 0.010772 0.382777
normal 0.706976 0.010772 0.707155
normal 0.92388 0.0 0.382683
normal 0.707106 0.0 0.707107
normal 0.999942 0.010772 0.000124
normal 0.923778 0.010772 0.382777
normal 1.0 0.0 -1e-06
normal 0.92388 0.0 0.382683
normal 0.923874 0.010771 -0.382545
normal 0.999942 0.010772 0.000124
normal 0.92388 0.0 -0.382683
normal 1.0 0.0 -1e-06
normal 0.707154 0.010772 -0.706977
normal 0.923874 0.010771 -0.382545
normal 0.707107 0.0 -0.707107
normal 0.92388 0.0 -0.382683
normal 0.382777 0.010772 -0.923778
normal 0.707154 0.010772 -0.706977
normal 0.382683 0.0 -0.92388
normal 0.707107 0.0 -0.707107
normal 0.000125 0.010772 -0.999942
normal 0.382777 0.010772 -0.923778
normal 0.0 0.0 -1.0
normal 0.382683 0.0 -0.92388
normal 0.0 0.0 1.0
normal 0.0 0.0 1.0
normal 0.0 0.0 1.0
normal 0.0 0.0 1.0
normal 0.0 1.0 0.0
normal 0.0 1.0 0.0
normal 0.0 1.0 0.0
normal 0.0 1.0 0.0
normal 0.0 0.0 -1.0
normal 0.0 0.0 -1.0
normal 0.0 0.0 -1.0
normal 0.0 0.0 -1.0
normal 0.0 -1.0 0.0
normal 0.0 -1.0 0.0
normal 0.0 -1.0 0.0
normal 0.0 -1.0 0.0
normal 1.0 0.0 0.0
normal 1.0 0.0 0.0
normal 1.0 0.0 0.0
normal 1.0 0.0 0.0
normal -1.0 0.0 0.0
normal -1.0 0.0 0.0
normal -1.0 0.0 0.0
normal -1.0 0.0 0.0
normal -0.382545 0.010772 -0.923874
normal 0.000125 0.010772 -0.999942
normal -0.382683 0.0 -0.92388
normal 0.0 0.0 -1.0
normal -0.706977 0.010772 -0.707155
normal -0.382545 0.010772 -0.923874
normal -0.707107 0.0 -0.707106
normal -0.382683 0.0 -0.92388
normal -0.923778 0.010771 -0.382777
normal -0.706977 0.010772 -0.707155
normal -0.92388 0.0 -0.382683
normal -0.707107 0.0 -0.707106
normal -0.999942 0.010772 -0.000126
normal -0.923778 0.010771 -0.382777
normal -1.0 0.0 0.0
normal -0.92388 0.0 -0.382683
normal -0.923874 0.010771 0.382545
normal -0.999942 0.010772 -0.000126
normal -0.92388 0.0 0.382683
normal -1.0 0.0 0.0
normal -0.707155 0.010772 0.706976
normal -0.923874 0.010771 0.382545
normal -0.707107 0.0 0.707106
normal -0.92388 0.0 0.382683
normal -0.382777 0.010772 0.923778
normal -0.707155 0.010772 0.706976
normal -0.382683 0.0 0.92388
normal -0.707107 0.0 0.707106
normal -0.000124 0.010772 0.999942
normal -0.382777 0.010772 0.923778
normal 1e-06 0.0 1.0
normal -0.382683 0.0 0.92388
normal 0.382545 0.010771 0.923874
normal -0.000124 0.010772 0.999942
normal 0.382683 0.0 0.92388
normal 1e-06 0.0 1.0
normal 0.706976 0.010772 0.707155
normal 0.382545 0.010771 0.923874
normal 0.707106 0.0 0.707107
normal 0.382683 0.0 0.92388
normal 0.923778 0.010772 0.382777
normal 0.706976 0.010772 0.707155
normal 0.92388 0.0 0.382683
normal 0.707106 0.0 0.707107
normal 0.999942 0.010772 0.000124
normal 0.923778 0.010772 0.382777
normal 1.0 0.0 -1e-06
normal 0.92388 0.0 0.382683
normal 0.923874 0.010771 -0.382545
normal 0.999942 0.010772 0.000124
normal 0.92388 0.0 -0.382683
normal 1.0 0.0 -1e-06
normal 0.707154 0.010772 -0.706977
normal 0.923874 0.010771 -0.382545
normal 0.707107 0.0 -0.707107
normal 0.92388 0.0 -0.382683
normal 0.382777 0.010772 -0.923778
normal 0.707154 0.010772 -0.706977
normal 0.382683 0.0 -0.92388
normal 0.707107 0.0 -0.707107
normal 0.000125 0.010772 -0.999942
normal 0.382777 0.010772 -0.923778
normal 0.0 0.0 -1.0
normal 0.382683 0.0 -0.92388
normal 0.382545 0.010771 0.923874
normal 0.706976 0.010772 0.707155
normal 0.356811 0.334835 0.872108
normal 0.663392 0.334834 0.669177
normal 0.356811 0.334835 0.872108
normal 0.663392 0.334834 0.669177
normal 0.289204 0.633365 0.717781
normal 0.541871 0.633367 0.552469
normal 0.289204 0.633365 0.717781
normal 0.541871 0.633367 0.552469
normal 0.151147 0.908214 0.390258
normal 0.288985 0.908215 0.30271
normal 0.663392 0.334834 0.669177
normal 0.706976 0.010772 0.707155
normal 0.868978 0.334833 0.364369
normal 0.923778 0.010772 0.382777
normal 0.541871 0.633367 0.552469
normal 0.663392 0.334834 0.669177
normal 0.712044 0.633367 0.30305
normal 0.868978 0.334833 0.364369
normal 0.288985 0.908215 0.30271
normal 0.541871 0.633367 0.552469
normal 0.382831 0.908214 0.169077
normal 0.712044 0.633367 0.30305
normal 0.868978 0.334833 0.364369
normal 0.923778 0.010772 0.382777
normal 0.942269 0.334833 0.004089
normal 0.999942 0.010772 0.000124
normal 0.712044 0.633367 0.30305
normal 0.868978 0.334833 0.364369
normal 0.773816 0.633366 0.007494
normal 0.942269 0.334833 0.004089
normal 0.382831 0.908214 0.169077
normal 0.712044 0.633367 0.30305
normal 0.418392 0.908215 0.009706
normal 0.773816 0.633366 0.007494
normal 0.942269 0.334833 0.004089
normal 0.999942 0.010772 0.000124
normal 0.872107 0.334835 -0.356812
normal 0.923874 0.010771 -0.382545
normal 0.773816 0.633366 0.007494
normal 0.942269 0.334833 0.004089
normal 0.717781 0.633365 -0.289204
normal 0.872107 0.334835 -0.356812
normal 0.418392 0.908215 0.009706
normal 0.773816 0.633366 0.007494
normal 0.390258 0.908215 -0.151144
normal 0.717781 0.633365 -0.289204
normal 0.872107 0.334835 -0.356812
normal 0.923874 0.010771 -0.382545
normal 0.669176 0.334834 -0.663393
normal 0.707154 0.010772 -0.706977
normal 0.717781 0.633365 -0.289204
normal 0.872107 0.334835 -0.356812
normal 0.55247 0.633366 -0.541871
normal 0.669176 0.334834 -0.663393
normal 0.390258 0.908215 -0.151144
normal 0.717781 0.633365 -0.289204
normal 0.30271 0.908215 -0.288984
normal 0.55247 0.633366 -0.541871
normal 0.669176 0.334834 -0.663393
normal 0.707154 0.010772 -0.706977
normal 0.364369 0.334835 -0.868977
normal 0.382777 0.010772 -0.923778
normal 0.55247 0.633366 -0.541871
normal 0.669176 0.334834 -0.663393
normal 0.303051 0.633365 -0.712046
normal 0.364369 0.334835 -0.868977
normal 0.30271 0.908215 -0.288984
normal 0.55247 0.633366 -0.541871
normal 0.169077 0.908214 -0.382831
normal 0.303051 0.633365 -0.712046
normal 0.364369 0.334835 -0.868977
normal 0.382777 0.010772 -0.923778
normal 0.004089 0.334833 -0.942269
normal 0.000125 0.010772 -0.999942
normal 0.303051 0.633365 -0.712046
normal 0.364369 0.334835 -0.868977
normal 0.007494 0.633365 -0.773817
normal 0.004089 0.334833 -0.942269
normal 0.169077 0.908214 -0.382831
normal 0.303051 0.633365 -0.712046
normal 0.009705 0.908215 -0.418392
normal 0.007494 0.633365 -0.773817
normal 0.004089 0.334833 -0.942269
normal 0.000125 0.010772 -0.999942
normal -0.356811 0.334835 -0.872107
normal -0.382545 0.010772 -0.923874
normal 0.007494 0.633365 -0.773817
normal 0.004089 0.334833 -0.942269
normal -0.289204 0.633365 -0.717781
normal -0.356811 0.334835 -0.872107
normal 0.009705 0.908215 -0.418392
normal 0.007494 0.633365 -0.773817
normal -0.151147 0.908214 -0.390258
normal -0.289204 0.633365 -0.717781
normal -0.356811 0.334835 -0.872107
normal -0.382545 0.010772 -0.923874
normal -0.663392 0.334836 -0.669176
normal -0.706977 0.010772 -0.707155
normal -0.289204 0.633365 -0.717781
normal -0.356811 0.334835 -0.872107
normal -0.541871 0.633366 -0.55247
normal -0.663392 0.334836 -0.669176
normal -0.151147 0.908214 -0.390258
normal -0.289204 0.633365 -0.717781
normal -0.288986 0.908214 -0.302711
normal -0.541871 0.633366 -0.55247
normal -0.663392 0.334836 -0.669176
normal -0.706977 0.010772 -0.707155
normal -0.868977 0.334835 -0.364369
normal -0.923778 0.010771 -0.382777
normal -0.541871 0.633366 -0.55247
normal -0.663392 0.334836 -0.669176
normal -0.712045 0.633365 -0.303051
normal -0.868977 0.334835 -0.364369
normal -0.288986 0.908214 -0.302711
normal -0.541871 0.633366 -0.55247
normal -0.382831 0.908214 -0.169079
normal -0.712045 0.633365 -0.303051
normal -0.868977 0.334835 -0.364369
normal -0.923778 0.010771 -0.382777
normal -0.942269 0.334833 -0.004089
normal -0.999942 0.010772 -0.000126
normal -0.712045 0.633365 -0.303051
normal -0.868977 0.334835 -0.364369
normal -0.773816 0.633366 -0.007494
normal -0.942269 0.334833 -0.004089
normal -0.382831 0.908214 -0.169079
normal -0.712045 0.633365 -0.303051
normal -0.418392 0.908215 -0.009706
normal -0.773816 0.633366 -0.007494
normal -0.942269 0.334833 -0.004089
normal -0.999942 0.010772 -0.000126
normal -0.872107 0.334835 0.356812
normal -0.923874 0.010771 0.382545
normal -0.773816 0.633366 -0.007494
normal -0.942269 0.334833 -0.004089
normal -0.717781 0.633365 0.289204
normal -0.872107 0.334835 0.356812
normal -0.418392 0.908215 -0.009706
normal -0.773816 0.633366 -0.007494
normal -0.390258 0.908215 0.151145
normal -0.717781 0.633365 0.289204
normal -0.872107 0.334835 0.356812
normal -0.923874 0.010771 0.382545
normal -0.669176 0.334835 0.663392
normal -0.707155 0.010772 0.706976
normal -0.717781 0.633365 0.289204
normal -0.872107 0.334835 0.356812
normal -0.55247 0.633366 0.541871
normal -0.669176 0.334835 0.663392
normal -0.390258 0.908215 0.151145
normal -0.717781 0.633365 0.289204
normal -0.302711 0.908215 0.288985
normal -0.55247 0.633366 0.541871
normal -0.669176 0.334835 0.663392
normal -0.707155 0.010772 0.706976
normal -0.364369 0.334833 0.868977
normal -0.382777 0.010772 0.923778
normal -0.55247 0.633366 0.541871
normal -0.669176 0.334835 0.663392
normal -0.303051 0.633366 0.712044
normal -0.364369 0.334833 0.868977
normal -0.302711 0.908215 0.288985
normal -0.55247 0.633366 0.541871
normal -0.169078 0.908214 0.382831
normal -0.303051 0.633366 0.712044
normal -0.364369 0.334833 0.868977
normal -0.382777 0.010772 0.923778
normal -0.004089 0.334833 0.942269
normal -0.000124 0.010772 0.999942
normal -0.303051 0.633366 0.712044
normal -0.364369 0.334833 0.868977
normal -0.007494 0.633366 0.773816
normal -0.004089 0.334833 0.942269
normal -0.169078 0.908214 0.382831
normal -0.303051 0.633366 0.712044
normal -0.009705 0.908215 0.418392
normal -0.007494 0.633366 0.773816
normal -0.004089 0.334833 0.942269
normal -0.000124 0.010772 0.999942
normal 0.356811 0.334835 0.872108
normal 0.382545 0.010771 0.923874
normal -0.007494 0.633366 0.773816
normal -0.004089 0.334833 0.942269
normal 0.289204 0.633365 0.717781
normal 0.356811 0.334835 0.872108
normal -0.009705 0.908215 0.418392
normal -0.007494 0.633366 0.773816
normal 0.151147 0.908214 0.390258
normal 0.289204 0.633365 0.717781
normal 0.0 1.0 9e-06
normal 0.0 1.0 4e-06
normal 0.0 1.0 1e-06
normal 0.0 1.0 1e-06
normal 0.0 1.0 4e-06
normal 0.0 1.0 9e-06
normal 0.0 1.0 4e-06
normal 0.0 1.0 0.0
normal 0.0 1.0 -1e-06
normal 0.0 1.0 -1e-06
normal 0.0 1.0 1e-06
normal 0.0 1.0 4e-06
normal 0.0 1.0 3e-06
normal 0.0 1.0 9e-06
normal 0.0 1.0 4e-06
normal 0.0 1.0 4e-06
normal 0.0 1.0 2e-06
normal 0.0 1.0 3e-06
normal 0.0 1.0 0.0
normal 0.0 1.0 -3e-06
normal 0.0 1.0 -5e-06
normal 0.0 1.0 -5e-06
normal 0.0 1.0 -1e-06
normal 0.0 1.0 0.0
normal 0.0 1.0 9e-06
normal 0.0 1.0 3e-06
normal 0.0 1.0 2e-06
normal 0.0 1.0 2e-06
normal 0.0 1.0 1.2e-05
normal 0.0 1.0 9e-06
normal 0.0 1.0 -3e-06
normal 0.0 1.0 2e-06
normal 0.0 1.0 -1e-06
normal 0.0 1.0 -1e-06
normal 0.0 1.0 -5e-06
normal 0.0 1.0 -3e-06
normal 0.0 1.0 -6e-06
normal 0.0 1.0 9e-06
normal 0.0 1.0 1.2e-05
normal 0.0 1.0 1.2e-05
normal 0.0 1.0 -5e-06
normal 0.0 1.0 -6e-06
normal 0.0 1.0 2e-06
normal 0.0 1.0 6e-06
normal 0.0 1.0 5e-06
normal 0.0 1.0 5e-06
normal 0.0 1.0 -1e-06
normal 0.0 1.0 2e-06
normal 0.0 1.0 -2e-06
normal 0.0 1.0 -6e-06
normal 0.0 1.0 -5e-06
normal 0.0 1.0 -5e-06
normal 0.0 1.0 1e-06
normal 0.0 1.0 -2e-06
normal 0.0 1.0 6e-06
normal 0.0 1.0 -9e-06
normal 0.0 1.0 -1.2e-05
normal 0.0 1.0 -1.2e-05
normal 0.0 1.0 5e-06
normal 0.0 1.0 6e-06
normal 0.0 1.0 3e-06
normal 0.0 1.0 -2e-06
normal 0.0 1.0 1e-06
normal 0.0 1.0 1e-06
normal 0.0 1.0 5e-06
normal 0.0 1.0 3e-06
normal 0.0 1.0 -9e-06
normal 0.0 1.0 -3e-06
normal 0.0 1.0 -2e-06
normal 0.0 1.0 -2e-06
normal 0.0 1.0 -1.2e-05
normal 0.0 1.0 -9e-06
normal 0.0 1.0 0.0
normal 0.0 1.0 3e-06
normal 0.0 1.0 5e-06
normal 0.0 1.0 5e-06
normal 0.0 1.0 1e-06
normal 0.0 1.0 0.0
normal 0.0 1.0 -3e-06
normal 0.0 1.0 -9e-06
normal 0.0 1.0 -4e-06
normal 0.0 1.0 -4e-06
normal 0.0 1.0 -2e-06
normal 0.0 1.0 -3e-06
normal 0.0 1.0 -4e-06
normal 0.0 1.0 0.0
normal 0.0 1.0 1e-06
normal 0.0 1.0 1e-06
normal 0.0 1.0 -1e-06
normal 0.0 1.0 -4e-06
normal 0.0 1.0 -9e-06
normal 0.0 1.0 -4e-06
normal 0.0 1.0 -1e-06
normal 0.0 1.0 -1e-06
normal 0.0 1.0 -4e-06
normal 0.0 1.0 -9e-06
normal 0.707107 0.0 0.707107
normal 0.707107 0.0 0.707107
normal 0.382683 0.0 0.92388
normal 0.382684 0.0 0.923879
normal 0.707107 0.0 0.707107
normal 0.707107 0.0 0.707107
normal 0.382684 0.0 0.923879
normal 0.382684 0.0 0.923879
normal 0.382684 0.0 0.923879
normal 0.707107 0.0 0.707107
normal 0.923879 0.0 0.382684
normal 0.923879 0.0 0.382684
normal 0.707107 0.0 0.707107
normal 0.707107 0.0 0.707107
normal 0.923879 0.0 0.382684
normal 0.92388 0.0 0.382683
normal 0.707107 0.0 0.707107
normal 0.707107 0.0 0.707107
normal 0.707107 0.0 0.707107
normal 0.923879 0.0 0.382684
normal 0.382683 0.0 0.92388
normal 0.382684 0.0 0.923879
normal 0.0 0.0 1.0
normal 0.0 0.0 1.0
normal 0.382684 0.0 0.923879
normal 0.382684 0.0 0.923879
normal 0.0 0.0 1.0
normal 0.0 0.0 1.0
normal 0.0 0.0 1.0
normal 0.382684 0.0 0.923879
normal 1.0 0.0 0.0
normal 1.0 0.0 0.0
normal 0.923879 0.0 0.382684
normal 0.923879 0.0 0.382684
normal 1.0 0.0 0.0
normal 1.0 0.0 0.0
normal 0.92388 0.0 0.382683
normal 0.92388 0.0 0.382683
normal 0.923879 0.0 0.382684
normal 1.0 0.0 0.0
normal 0.0 0.0 1.0
normal 0.0 0.0 1.0
normal -0.382683 0.0 0.92388
normal -0.382684 0.0 0.923879
normal 0.0 0.0 1.0
normal 0.0 0.0 1.0
normal -0.382684 0.0 0.923879
normal -0.382684 0.0 0.923879
normal -0.382684 0.0 0.923879
normal 0.0 0.0 1.0
normal 0.923879 0.0 -0.382684
normal 0.923879 0.0 -0.382684
normal 1.0 0.0 0.0
normal 1.0 0.0 0.0
normal 0.923879 0.0 -0.382684
normal 0.923879 0.0 -0.382684
normal 1.0 0.0 0.0
normal 1.0 0.0 0.0
normal 1.0 0.0 0.0
normal 0.923879 0.0 -0.382684
normal -0.382683 0.0 0.92388
normal -0.382684 0.0 0.923879
normal -0.707106 0.0 0.707107
normal -0.707107 0.0 0.707107
normal -0.382684 0.0 0.923879
normal -0.382684 0.0 0.923879
normal -0.707107 0.0 0.707106
normal -0.707107 0.0 0.707106
normal -0.707107 0.0 0.707106
normal -0.382684 0.0 0.923879
normal 0.707106 0.0 -0.707107
normal 0.707107 0.0 -0.707107
normal 0.923879 0.0 -0.382684
normal 0.923879 0.0 -0.382684
normal 0.707107 0.0 -0.707106
normal 0.707107 0.0 -0.707106
normal 0.923879 0.0 -0.382684
normal 0.923879 0.0 -0.382684
normal 0.923879 0.0 -0.382684
normal 0.707107 0.0 -0.707106
normal -0.707106 0.0 0.707107
normal -0.707107 0.0 0.707107
normal -0.923879 0.0 0.382684
normal -0.923879 0.0 0.382684
normal -0.707107 0.0 0.707106
normal -0.707107 0.0 0.707106
normal -0.923879 0.0 0.382684
normal -0.923879 0.0 0.382684
normal -0.923879 0.0 0.382684
normal -0.707107 0.0 0.707106
normal 0.382683 0.0 -0.92388
normal 0.382684 0.0 -0.923879
normal 0.707106 0.0 -0.707107
normal 0.707107 0.0 -0.707107
normal 0.382684 0.0 -0.923879
normal 0.382684 0.0 -0.923879
normal 0.707107 0.0 -0.707106
normal 0.707107 0.0 -0.707106
normal 0.707107 0.0 -0.707106
normal 0.382684 0.0 -0.923879
normal -0.923879 0.0 0.382684
normal -0.923879 0.0 0.382684
normal -1.0 0.0 0.0
normal -1.0 0.0 0.0
normal -0.923879 0.0 0.382684
normal -0.923879 0.0 0.382684
normal -1.0 0.0 -0.0
normal -1.0 0.0 -0.0
normal -1.0 0.0 -0.0
normal -0.923879 0.0 0.382684
normal -0.0 0.0 -1.0
normal 0.0 0.0 -1.0
normal 0.382683 0.0 -0.92388
normal 0.382684 0.0 -0.923879
normal -0.0 0.0 -1.0
normal 0.0 0.0 -1.0
normal 0.382684 0.0 -0.923879
normal 0.382684 0.0 -0.923879
normal 0.382684 0.0 -0.923879
normal -0.0 0.0 -1.0
normal -1.0 0.0 0.0
normal -1.0 0.0 0.0
normal -0.923879 0.0 -0.382684
normal -0.923879 0.0 -0.382684
normal -1.0 0.0 -0.0
normal -1.0 0.0 -0.0
normal -0.92388 0.0 -0.382683
normal -0.92388 0.0 -0.382683
normal -0.923879 0.0 -0.382684
normal -1.0 0.0 -0.0
normal -0.382683 0.0 -0.92388
normal -0.382684 0.0 -0.923879
normal -0.0 0.0 -1.0
normal 0.0 0.0 -1.0
normal -0.382684 0.0 -0.923879
normal -0.382684 0.0 -0.923879
normal 0.0 0.0 -1.0
normal 0.0 0.0 -1.0
normal -0.0 0.0 -1.0
normal -0.382684 0.0 -0.923879
normal -0.923879 0.0 -0.382684
normal -0.923879 0.0 -0.382684
normal -0.707107 0.0 -0.707107
normal -0.707107 0.0 -0.707107
normal -0.923879 0.0 -0.382684
normal -0.92388 0.0 -0.382683
normal -0.707107 0.0 -0.707107
normal -0.707107 0.0 -0.707107
normal -0.707107 0.0 -0.707107
normal -0.923879 0.0 -0.382684
normal -0.707107 0.0 -0.707107
normal -0.707107 0.0 -0.707107
normal -0.382683 0.0 -0.92388
normal -0.382684 0.0 -0.923879
normal -0.707107 0.0 -0.707107
normal -0.707107 0.0 -0.707107
normal -0.382684 0.0 -0.923879
normal -0.382684 0.0 -0.923879
normal -0.382684 0.0 -0.923879
normal -0.707107 0.0 -0.707107
normal 0.707106 0.0 0.707108
normal 0.707106 0.0 0.707107
normal 0.382682 0.0 0.92388
normal 0.382682 0.0 0.92388
normal 0.382681 0.0 0.923881
normal 0.707106 0.0 0.707108
normal 0.0 -1.0 0.0
normal 0.0 -1.0 0.0
normal 0.0 -1.0 0.0
normal 0.0 -1.0 0.0
normal 0.0 -1.0 0.0
normal 0.0 -1.0 0.0
normal 0.0 1.0 0.0
normal 0.0 1.0 -1e-06
normal 0.0 1.0 -2e-06
normal 0.0 1.0 -2e-06
normal 0.0 1.0 0.0
normal 0.0 1.0 0.0
normal 0.923881 0.0 0.38268
normal 0.923881 0.0 0.38268
normal 0.707106 0.0 0.707107
normal 0.707106 0.0 0.707107
normal 0.707106 0.0 0.707108
normal 0.923881 0.0 0.38268
normal 0.0 -1.0 0.0
normal 0.0 -1.0 1e-06
normal 0.0 -1.0 0.0
normal 0.0 -1.0 0.0
normal 0.0 -1.0 0.0
normal 0.0 -1.0 0.0
normal 0.0 1.0 2e-06
normal 0.0 1.0 0.0
normal 0.0 1.0 0.0
normal 0.0 1.0 0.0
normal 0.0 1.0 1e-06
normal 0.0 1.0 2e-06
normal 0.382681 0.0 0.923881
normal 0.382682 0.0 0.92388
normal 0.0 0.0 1.0
normal 0.0 0.0 1.0
normal 0.0 0.0 1.0
normal 0.382681 0.0 0.923881
normal 0.0 -1.0 0.0
normal 0.0 -1.0 0.0
normal 0.0 -1.0 0.0
normal 0.0 -1.0 0.0
normal 0.0 -1.0 0.0
normal 0.0 -1.0 0.0
normal 0.0 1.0 -1e-06
normal 0.0 1.0 0.0
normal 0.0 1.0 -1e-06
normal 0.0 1.0 -1e-06
normal 0.0 1.0 -2e-06
normal 0.0 1.0 -1e-06
normal 1.0 0.0 -1e-06
normal 1.0 0.0 -1e-06
normal 0.923881 0.0 0.38268
normal 0.923881 0.0 0.38268
normal 0.923881 0.0 0.38268
normal 1.0 0.0 -1e-06
normal 0.0 -1.0 1e-06
normal 0.0 -1.0 1e-06
normal 0.0 -1.0 -1e-06
normal 0.0 -1.0 -1e-06
normal 0.0 -1.0 0.0
normal 0.0 -1.0 1e-06
normal 0.0 1.0 -1e-06
normal 0.0 1.0 2e-06
normal 0.0 1.0 1e-06
normal 0.0 1.0 1e-06
normal 0.0 1.0 -1e-06
normal 0.0 1.0 -1e-06
normal 0.0 0.0 1.0
normal 0.0 0.0 1.0
normal -0.38268 0.0 0.923881
normal -0.38268 0.0 0.923881
normal -0.382679 0.0 0.923881
normal 0.0 0.0 1.0
normal 0.0 -1.0 0.0
normal 0.0 -1.0 0.0
normal 0.0 -1.0 0.0
normal 0.0 -1.0 0.0
normal 0.0 -1.0 0.0
normal 0.0 -1.0 0.0
normal 0.0 1.0 0.0
normal 0.0 1.0 2e-06
normal 0.0 1.0 0.0
normal 0.0 1.0 0.0
normal 0.0 1.0 -1e-06
normal 0.0 1.0 0.0
normal 0.92388 0.0 -0.382682
normal 0.923881 0.0 -0.382681
normal 1.0 0.0 -1e-06
normal 1.0 0.0 -1e-06
normal 1.0 0.0 -1e-06
normal 0.92388 0.0 -0.382682
normal 0.0 -1.0 1e-06
normal 0.0 -1.0 0.0
normal 0.0 -1.0 0.0
normal 0.0 -1.0 0.0
normal 0.0 -1.0 -1e-06
normal 0.0 -1.0 1e-06
normal 0.0 1.0 -1e-06
normal 0.0 1.0 -1e-06
normal 0.0 1.0 -1e-06
normal 0.0 1.0 -1e-06
normal 0.0 1.0 0.0
normal 0.0 1.0 -1e-06
normal -0.382679 0.0 0.923881
normal -0.38268 0.0 0.923881
normal -0.707108 0.0 0.707106
normal -0.707108 0.0 0.707106
normal -0.707107 0.0 0.707106
normal -0.382679 0.0 0.923881
normal 0.0 -1.0 0.0
normal 0.0 -1.0 0.0
normal 0.0 -1.0 0.0
normal 0.0 -1.0 0.0
normal 0.0 -1.0 -1e-06
normal 0.0 -1.0 0.0
normal 0.0 1.0 2e-06
normal 0.0 1.0 4e-06
normal 0.0 1.0 2e-06
normal 0.0 1.0 2e-06
normal 0.0 1.0 0.0
normal 0.0 1.0 2e-06
normal 0.707107 0.0 -0.707106
normal 0.707108 0.0 -0.707106
normal 0.923881 0.0 -0.382681
normal 0.923881 0.0 -0.382681
normal 0.92388 0.0 -0.382682
normal 0.707107 0.0 -0.707106
normal 0.0 -1.0 0.0
normal 0.0 -1.0 0.0
normal 0.0 -1.0 1e-06
normal 0.0 -1.0 1e-06
normal 0.0 -1.0 0.0
normal 0.0 -1.0 0.0
normal 0.0 1.0 -4e-06
normal 0.0 1.0 -1e-06
normal 0.0 1.0 0.0
normal 0.0 1.0 0.0
normal 0.0 1.0 -2e-06
normal 0.0 1.0 -4e-06
normal -0.707107 0.0 0.707106
normal -0.707108 0.0 0.707106
normal -0.923881 0.0 0.382681
normal -0.923881 0.0 0.382681
normal -0.92388 0.0 0.382682
normal -0.707107 0.0 0.707106
normal 0.0 -1.0 0.0
normal 0.0 -1.0 0.0
normal 0.0 -1.0 -1e-06
normal 0.0 -1.0 -1e-06
normal 0.0 -1.0 0.0
normal 0.0 -1.0 0.0
normal 0.0 1.0 4e-06
normal 0.0 1.0 1e-06
normal 0.0 1.0 0.0
normal 0.0 1.0 0.0
normal 0.0 1.0 2e-06
normal 0.0 1.0 4e-06
normal 0.382679 0.0 -0.923881
normal 0.38268 0.0 -0.923881
normal 0.707108 0.0 -0.707106
normal 0.707108 0.0 -0.707106
normal 0.707107 0.0 -0.707106
normal 0.382679 0.0 -0.923881
normal 0.0 -1.0 0.0
normal 0.0 -1.0 0.0
normal 0.0 -1.0 0.0
normal 0.0 -1.0 0.0
normal 0.0 -1.0 1e-06
normal 0.0 -1.0 0.0
normal 0.0 1.0 -2e-06
normal 0.0 1.0 -4e-06
normal 0.0 1.0 -2e-06
normal 0.0 1.0 -2e-06
normal 0.0 1.0 0.0
normal 0.0 1.0 -2e-06
normal -0.92388 0.0 0.382682
normal -0.923881 0.0 0.382681
normal -1.0 0.0 1e-06
normal -1.0 0.0 1e-06
normal -1.0 0.0 1e-06
normal -0.92388 0.0 0.382682
normal 0.0 -1.0 -1e-06
normal 0.0 -1.0 0.0
normal 0.0 -1.0 0.0
normal 0.0 -1.0 0.0
normal 0.0 -1.0 1e-06
normal 0.0 -1.0 -1e-06
normal 0.0 1.0 1e-06
normal 0.0 1.0 1e-06
normal 0.0 1.0 1e-06
normal 0.0 1.0 1e-06
normal 0.0 1.0 0.0
normal 0.0 1.0 1e-06
normal -0.0 0.0 -1.0
normal 0.0 0.0 -1.0
normal 0.38268 0.0 -0.923881
normal 0.38268 0.0 -0.923881
normal 0.382679 0.0 -0.923881
normal -0.0 0.0 -1.0
normal 0.0 -1.0 0.0
normal 0.0 -1.0 0.0
normal 0.0 -1.0 0.0
normal 0.0 -1.0 0.0
normal 0.0 -1.0 0.0
normal 0.0 -1.0 0.0
normal 0.0 1.0 0.0
normal 0.0 1.0 -2e-06
normal 0.0 1.0 0.0
normal 0.0 1.0 0.0
normal 0.0 1.0 1e-06
normal 0.0 1.0 0.0
normal -1.0 0.0 1e-06
normal -1.0 0.0 1e-06
normal -0.923881 0.0 -0.38268
normal -0.923881 0.0 -0.38268
normal -0.923881 0.0 -0.38268
normal -1.0 0.0 1e-06
normal 0.0 -1.0 -1e-06
normal 0.0 -1.0 -1e-06
normal 0.0 -1.0 1e-06
normal 0.0 -1.0 1e-06
normal 0.0 -1.0 0.0
normal 0.0 -1.0 -1e-06
normal 0.0 1.0 1e-06
normal 0.0 1.0 -2e-06
normal 0.0 1.0 -1e-06
normal 0.0 1.0 -1e-06
normal 0.0 1.0 1e-06
normal 0.0 1.0 1e-06
normal -0.382681 0.0 -0.923881
normal -0.382682 0.0 -0.92388
normal 0.0 0.0 -1.0
normal 0.0 0.0 -1.0
normal -0.0 0.0 -1.0
normal -0.382681 0.0 -0.923881
normal 0.0 -1.0 0.0
normal 0.0 -1.0 0.0
normal 0.0 -1.0 0.0
normal 0.0 -1.0 0.0
normal 0.0 -1.0 0.0
normal 0.0 -1.0 0.0
normal 0.0 1.0 1e-06
normal 0.0 1.0 0.0
normal 0.0 1.0 1e-06
normal 0.0 1.0 1e-06
normal 0.0 1.0 2e-06
normal 0.0 1.0 1e-06
normal -0.923881 0.0 -0.38268
normal -0.923881 0.0 -0.38268
normal -0.707106 0.0 -0.707107
normal -0.707106 0.0 -0.707107
normal -0.707106 0.0 -0.707108
normal -0.923881 0.0 -0.38268
normal 0.0 -1.0 0.0
normal 0.0 -1.0 -1e-06
normal 0.0 -1.0 0.0
normal 0.0 -1.0 0.0
normal 0.0 -1.0 0.0
normal 0.0 -1.0 0.0
normal 0.0 1.0 -2e-06
normal 0.0 1.0 0.0
normal 0.0 1.0 0.0
normal 0.0 1.0 0.0
normal 0.0 1.0 -1e-06
normal 0.0 1.0 -2e-06
normal -0.707106 0.0 -0.707108
normal -0.707106 0.0 -0.707107
normal -0.382682 0.0 -0.92388
normal -0.382682 0.0 -0.92388
normal -0.382681 0.0 -0.923881
normal -0.707106 0.0 -0.707108
normal 0.0 -1.0 0.0
normal 0.0 -1.0 0.0
normal 0.0 -1.0 0.0
normal 0.0 -1.0 0.0
normal 0.0 -1.0 0.0
normal 0.0 -1.0 0.0
normal 0.0 1.0 0.0
normal 0.0 1.0 1e-06
normal 0.0 1.0 2e-06
normal 0.0 1.0 2e-06
normal 0.0 1.0 0.0
normal 0.0 1.0 0.0
normal 0.707107 0.0 0.707107
normal 0.707106 0.0 0.707107
normal 0.382683 0.0 0.92388
normal 0.382683 0.0 0.92388
normal 0.382684 0.0 0.923879
normal 0.707107 0.0 0.707107
normal 0.92388 0.0 0.382683
normal 0.92388 0.0 0.382683
normal 0.707106 0.0 0.707107
normal 0.707106 0.0 0.707107
normal 0.707107 0.0 0.707107
normal 0.92388 0.0 0.382683
normal 0.382684 0.0 0.923879
normal 0.382683 0.0 0.92388
normal 0.0 0.0 1.0
normal 0.0 0.0 1.0
normal 0.0 0.0 1.0
normal 0.382684 0.0 0.923879
normal 1.0 0.0 0.0
normal 1.0 0.0 0.0
normal 0.92388 0.0 0.382683
normal 0.92388 0.0 0.382683
normal 0.92388 0.0 0.382683
normal 1.0 0.0 0.0
normal 0.0 0.0 1.0
normal 0.0 0.0 1.0
normal -0.382684 0.0 0.923879
normal -0.382684 0.0 0.923879
normal -0.382684 0.0 0.923879
normal 0.0 0.0 1.0
normal 0.923879 0.0 -0.382684
normal 0.923879 0.0 -0.382684
normal 1.0 0.0 0.0
normal 1.0 0.0 0.0
normal 1.0 0.0 0.0
normal 0.923879 0.0 -0.382684
normal -0.382684 0.0 0.923879
normal -0.382684 0.0 0.923879
normal -0.707107 0.0 0.707107
normal -0.707107 0.0 0.707107
normal -0.707107 0.0 0.707106
normal -0.382684 0.0 0.923879
normal 0.707107 0.0 -0.707106
normal 0.707107 0.0 -0.707107
normal 0.923879 0.0 -0.382684
normal 0.923879 0.0 -0.382684
normal 0.923879 0.0 -0.382684
normal 0.707107 0.0 -0.707106
normal -0.707107 0.0 0.707106
normal -0.707107 0.0 0.707107
normal -0.923879 0.0 0.382684
normal -0.923879 0.0 0.382684
normal -0.923879 0.0 0.382684
normal -0.707107 0.0 0.707106
normal 0.382684 0.0 -0.923879
normal 0.382684 0.0 -0.923879
normal 0.707107 0.0 -0.707107
normal 0.707107 0.0 -0.707107
normal 0.707107 0.0 -0.707106
normal 0.382684 0.0 -0.923879
normal -0.923879 0.0 0.382684
normal -0.923879 0.0 0.382684
normal -1.0 0.0 -0.0
normal -1.0 0.0 -0.0
normal -1.0 0.0 -0.0
normal -0.923879 0.0 0.382684
normal 0.0 0.0 -1.0
normal 0.0 0.0 -1.0
normal 0.382684 0.0 -0.923879
normal 0.382684 0.0 -0.923879
normal 0.382684 0.0 -0.923879
normal 0.0 0.0 -1.0
normal -1.0 0.0 -0.0
normal -1.0 0.0 -0.0
normal -0.92388 0.0 -0.382683
normal -0.92388 0.0 -0.382683
normal -0.92388 0.0 -0.382683
normal -1.0 0.0 -0.0
normal -0.382684 0.0 -0.923879
normal -0.382683 0.0 -0.92388
normal 0.0 0.0 -1.0
normal 0.0 0.0 -1.0
normal 0.0 0.0 -1.0
normal -0.382684 0.0 -0.923879
normal -0.92388 0.0 -0.382683
normal -0.92388 0.0 -0.382683
normal -0.707106 0.0 -0.707107
normal -0.707106 0.0 -0.707107
normal -0.707107 0.0 -0.707107
normal -0.92388 0.0 -0.382683
normal -0.707107 0.0 -0.707107
normal -0.707106 0.0 -0.707107
normal -0.382683 0.0 -0.92388
normal -0.382683 0.0 -0.92388
normal -0.382684 0.0 -0.923879
normal -0.707107 0.0 -0.707107
normal 0.0 -1.0 0.0
normal 0.0 -1.0 0.0
normal 0.161934 -0.923159 0.348646
normal -0.007196 -0.9256 0.378436
normal 0.0 -1.0 0.0
normal 0.0 -1.0 0.0
normal 0.262507 -0.925599 0.272683
normal 0.161934 -0.923159 0.348646
normal 0.0 -1.0 0.0
normal 0.0 -1.0 0.0
normal 0.361036 -0.923159 0.132024
normal 0.262507 -0.925599 0.272683
normal 0.0 -1.0 0.0
normal 0.0 -1.0 0.0
normal 0.378437 -0.925599 0.007195
normal 0.361036 -0.923159 0.132024
normal 0.0 -1.0 0.0
normal 0.0 -1.0 0.0
normal 0.348648 -0.923159 -0.161934
normal 0.378437 -0.925599 0.007195
normal 0.0 -1.0 0.0
normal 0.0 -1.0 0.0
normal 0.272684 -0.925599 -0.262506
normal 0.348648 -0.923159 -0.161934
normal 0.0 -1.0 1e-06
normal 0.0 -1.0 0.0
normal 0.132024 -0.92316 -0.361034
normal 0.272684 -0.925599 -0.262506
normal 0.0 -1.0 0.0
normal 0.0 -1.0 1e-06
normal 0.007195 -0.925599 -0.378437
normal 0.132024 -0.92316 -0.361034
normal 0.0 -1.0 0.0
normal 0.0 -1.0 0.0
normal -0.161934 -0.923159 -0.348647
normal 0.007195 -0.925599 -0.378437
normal 0.0 -1.0 0.0
normal 0.0 -1.0 0.0
normal -0.262507 -0.925599 -0.272684
normal -0.161934 -0.923159 -0.348647
normal 0.0 -1.0 0.0
normal 0.0 -1.0 0.0
normal -0.361035 -0.923159 -0.132027
normal -0.262507 -0.925599 -0.272684
normal 0.0 -1.0 0.0
normal 0.0 -1.0 0.0
normal -0.378436 -0.9256 -0.007195
normal -0.361035 -0.923159 -0.132027
normal 0.0 -1.0 0.0
normal 0.0 -1.0 0.0
normal -0.348647 -0.923159 0.161934
normal -0.378436 -0.9256 -0.007195
normal 0.0 -1.0 0.0
normal 0.0 -1.0 0.0
normal -0.272684 -0.925599 0.262506
normal -0.348647 -0.923159 0.161934
normal 0.0 -1.0 -1e-06
normal 0.0 -1.0 0.0
normal -0.132025 -0.923159 0.361035
normal -0.272684 -0.925599 0.262506
normal 0.0 -1.0 0.0
normal 0.0 -1.0 -1e-06
normal -0.007196 -0.9256 0.378436
normal -0.132025 -0.923159 0.361035
normal 0.0 -1.0 0.0
normal 0.0 -1.0 0.0
normal 0.0 -1.0 0.0
normal 0.0 -1.0 0.0
normal 0.0 -1.0 0.0
normal 0.0 -1.0 0.0
normal 0.0 -1.0 -3e-06
normal 0.0 -1.0 -3e-06
normal 0.0 -1.0 -3e-06
normal 0.0 -1.0 0.0
normal 0.0 -1.0 0.0
normal 0.0 -1.0 0.0
normal 0.0 -1.0 0.0
normal 0.0 -1.0 0.0
normal 0.0 -1.0 0.0
normal 0.0 -1.0 0.0
normal 0.0 -1.0 0.0
normal 0.0 -1.0 0.0
normal 0.0 -1.0 3e-06
normal 0.0 -1.0 3e-06
normal 0.0 -1.0 3e-06
normal 0.0 -1.0 0.0
normal 0.0 -1.0 0.0
normal 0.0 -1.0 0.0
normal 0.262507 -0.925599 0.272683
normal 0.161934 -0.923159 0.348646
normal 0.338982 -0.792281 0.507329
normal 0.338982 -0.792281 0.507329
normal 0.338981 -0.792279 0.507332
normal 0.262507 -0.925599 0.272683
normal 0.378437 -0.925599 0.007195
normal 0.361036 -0.923159 0.132024
normal 0.598434 -0.79228 0.119037
normal 0.598434 -0.79228 0.119037
normal 0.598434 -0.792279 0.119041
normal 0.378437 -0.925599 0.007195
normal 0.272684 -0.925599 -0.262506
normal 0.348648 -0.923159 -0.161934
normal 0.507329 -0.792281 -0.338981
normal 0.507329 -0.792281 -0.338981
normal 0.507329 -0.792281 -0.338982
normal 0.272684 -0.925599 -0.262506
normal 0.007195 -0.925599 -0.378437
normal 0.132024 -0.92316 -0.361034
normal 0.119036 -0.79228 -0.598433
normal 0.119036 -0.79228 -0.598433
normal 0.119039 -0.79228 -0.598434
normal 0.007195 -0.925599 -0.378437
normal -0.262507 -0.925599 -0.272684
normal -0.161934 -0.923159 -0.348647
normal -0.338982 -0.792281 -0.507329
normal -0.338982 -0.792281 -0.507329
normal -0.338981 -0.792279 -0.507332
normal -0.262507 -0.925599 -0.272684
normal -0.378436 -0.9256 -0.007195
normal -0.361035 -0.923159 -0.132027
normal -0.598432 -0.792281 -0.119037
normal -0.598432 -0.792281 -0.119037
normal -0.598433 -0.792281 -0.119037
normal -0.378436 -0.9256 -0.007195
normal -0.272684 -0.925599 0.262506
normal -0.348647 -0.923159 0.161934
normal -0.507329 -0.792281 0.338982
normal -0.507329 -0.792281 0.338982
normal -0.507329 -0.792281 0.338982
normal -0.272684 -0.925599 0.262506
normal -0.007196 -0.9256 0.378436
normal -0.132025 -0.923159 0.361035
normal -0.119037 -0.792281 0.598432
normal -0.119037 -0.792281 0.598432
normal -0.119038 -0.792281 0.598432
normal -0.007196 -0.9256 0.378436
normal -0.177752 -0.947435 0.266027
normal 0.0 -1.0 1e-06
normal -0.160163 -0.957544 0.239704
normal -0.927964 0.008583 -0.372572
normal -0.916025 0.048082 -0.39823
normal -0.916196 0.044905 -0.398206
normal -0.916196 0.044905 -0.398206
normal -0.928785 0.0 -0.370619
normal -0.927964 0.008583 -0.372572
normal 0.715442 0.044827 0.697233
normal 0.707107 0.0 0.707107
normal 0.705819 0.007726 0.70835
normal 0.705819 0.007726 0.70835
normal 0.715182 0.04932 0.697196
normal 0.715442 0.044827 0.697233
normal -0.3138 -0.947435 0.062421
normal 0.0 -1.0 1e-06
normal -0.282749 -0.957543 0.056246
normal -0.392719 0.008582 -0.919619
normal -0.366136 0.04808 -0.929318
normal -0.366275 0.044903 -0.929423
normal -0.366275 0.044903 -0.929423
normal -0.394681 0.0 -0.918818
normal -0.392719 0.008582 -0.919619
normal 0.012878 0.044831 0.998912
normal 0.0 0.0 1.0
normal -0.00179 0.007727 0.999969
normal -0.00179 0.007727 0.999969
normal 0.01272 0.049325 0.998702
normal 0.012878 0.044831 0.998912
normal -0.266028 -0.947435 -0.177752
normal 0.0 -1.0 1e-06
normal -0.239704 -0.957544 -0.160161
normal 0.372573 0.008583 -0.927963
normal 0.398227 0.048082 -0.916026
normal 0.398203 0.044905 -0.916197
normal 0.398203 0.044905 -0.916197
normal 0.37062 0.0 -0.928785
normal 0.372573 0.008583 -0.927963
normal -0.697232 0.044827 0.715443
normal -0.707107 0.0 0.707107
normal -0.70835 0.007726 0.705819
normal -0.70835 0.007726 0.705819
normal -0.697195 0.04932 0.715183
normal -0.697232 0.044827 0.715443
normal -0.062419 -0.947435 -0.3138
normal 0.0 -1.0 0.0
normal -0.056244 -0.957544 -0.282749
normal 0.919619 0.008582 -0.392718
normal 0.929317 0.04808 -0.36614
normal 0.929421 0.044904 -0.366278
normal 0.929421 0.044904 -0.366278
normal 0.918819 0.0 -0.394679
normal 0.919619 0.008582 -0.392718
normal -0.998912 0.044831 0.012878
normal -1.0 0.0 0.0
normal -0.999969 0.007727 -0.00179
normal -0.999969 0.007727 -0.00179
normal -0.998702 0.049325 0.01272
normal -0.998912 0.044831 0.012878
normal 0.177752 -0.947435 -0.266028
normal 0.0 -1.0 -1e-06
normal 0.160163 -0.957543 -0.239706
normal 0.927964 0.008583 0.372572
normal 0.916025 0.048082 0.398229
normal 0.916197 0.044905 0.398205
normal 0.916197 0.044905 0.398205
normal 0.928785 0.0 0.370619
normal 0.927964 0.008583 0.372572
normal -0.715442 0.044827 -0.697233
normal -0.707107 0.0 -0.707107
normal -0.705819 0.007726 -0.70835
normal -0.705819 0.007726 -0.70835
normal -0.715182 0.04932 -0.697196
normal -0.715442 0.044827 -0.697233
normal 0.3138 -0.947435 -0.062421
normal 0.0 -1.0 -1e-06
normal 0.282749 -0.957543 -0.056246
normal 0.392719 0.008582 0.919619
normal 0.366135 0.04808 0.929319
normal 0.366273 0.044903 0.929423
normal 0.366273 0.044903 0.929423
normal 0.394681 0.0 0.918818
normal 0.392719 0.008582 0.919619
normal -0.012878 0.044831 -0.998912
normal 0.0 0.0 -1.0
normal 0.00179 0.007727 -0.999969
normal 0.00179 0.007727 -0.999969
normal -0.01272 0.049325 -0.998702
normal -0.012878 0.044831 -0.998912
normal 0.266027 -0.947435 0.177752
normal 0.0 -1.0 -1e-06
normal 0.239704 -0.957544 0.160164
normal -0.372573 0.008583 0.927963
normal -0.398228 0.048082 0.916025
normal -0.398205 0.044905 0.916197
normal -0.398205 0.044905 0.916197
normal -0.37062 0.0 0.928785
normal -0.372573 0.008583 0.927963
normal 0.697232 0.044827 -0.715443
normal 0.707107 0.0 -0.707107
normal 0.70835 0.007726 -0.705819
normal 0.70835 0.007726 -0.705819
normal 0.697195 0.04932 -0.715183
normal 0.697232 0.044827 -0.715443
normal 0.062419 -0.947436 0.313799
normal 0.0 -1.0 0.0
normal 0.056244 -0.957544 0.282748
normal -0.919619 0.008582 0.392718
normal -0.929318 0.04808 0.366137
normal -0.929423 0.044903 0.366275
normal -0.929423 0.044903 0.366275
normal -0.918819 0.0 0.394679
normal -0.919619 0.008582 0.392718
normal 0.998912 0.044831 -0.012878
normal 1.0 0.0 0.0
normal 0.999969 0.007727 0.00179
normal 0.999969 0.007727 0.00179
normal 0.998702 0.049325 -0.01272
normal 0.998912 0.044831 -0.012878
normal 0.161934 -0.923159 0.348646
normal -0.007196 -0.9256 0.378436
normal 0.062419 -0.947436 0.313799
normal 0.062419 -0.947436 0.313799
normal 0.056244 -0.957544 0.282748
normal 0.161934 -0.923159 0.348646
normal -0.929318 0.04808 0.366137
normal -0.935167 0.043883 0.351479
normal -0.929423 0.044903 0.366275
normal 0.998486 0.043893 -0.033154
normal 0.998912 0.044831 -0.012878
normal 0.998702 0.049325 -0.01272
normal 0.361036 -0.923159 0.132024
normal 0.262507 -0.925599 0.272683
normal 0.266027 -0.947435 0.177752
normal 0.266027 -0.947435 0.177752
normal 0.239704 -0.957544 0.160164
normal 0.361036 -0.923159 0.132024
normal -0.398228 0.048082 0.916025
normal -0.41273 0.043885 0.909796
normal -0.398205 0.044905 0.916197
normal 0.682594 0.043889 -0.729478
normal 0.697232 0.044827 -0.715443
normal 0.697195 0.04932 -0.715183
normal 0.348648 -0.923159 -0.161934
normal 0.378437 -0.925599 0.007195
normal 0.3138 -0.947435 -0.062421
normal 0.3138 -0.947435 -0.062421
normal 0.282749 -0.957543 -0.056246
normal 0.348648 -0.923159 -0.161934
normal 0.366135 0.04808 0.929319
normal 0.351477 0.043883 0.935167
normal 0.366273 0.044903 0.929423
normal -0.033154 0.043893 -0.998486
normal -0.012878 0.044831 -0.998912
normal -0.01272 0.049325 -0.998702
normal 0.132024 -0.92316 -0.361034
normal 0.272684 -0.925599 -0.262506
normal 0.177752 -0.947435 -0.266028
normal 0.177752 -0.947435 -0.266028
normal 0.160163 -0.957543 -0.239706
normal 0.132024 -0.92316 -0.361034
normal 0.916025 0.048082 0.398229
normal 0.909796 0.043886 0.412729
normal 0.916197 0.044905 0.398205
normal -0.729476 0.043889 -0.682597
normal -0.715442 0.044827 -0.697233
normal -0.715182 0.04932 -0.697196
normal -0.161934 -0.923159 -0.348647
normal 0.007195 -0.925599 -0.378437
normal -0.062419 -0.947435 -0.3138
normal -0.062419 -0.947435 -0.3138
normal -0.056244 -0.957544 -0.282749
normal -0.161934 -0.923159 -0.348647
normal 0.929317 0.04808 -0.36614
normal 0.935165 0.043884 -0.351485
normal 0.929421 0.044904 -0.366278
normal -0.998486 0.043893 0.033154
normal -0.998912 0.044831 0.012878
normal -0.998702 0.049325 0.01272
normal -0.361035 -0.923159 -0.132027
normal -0.262507 -0.925599 -0.272684
normal -0.266028 -0.947435 -0.177752
normal -0.266028 -0.947435 -0.177752
normal -0.239704 -0.957544 -0.160161
normal -0.361035 -0.923159 -0.132027
normal 0.398227 0.048082 -0.916026
normal 0.412727 0.043886 -0.909797
normal 0.398203 0.044905 -0.916197
normal -0.682594 0.043889 0.729478
normal -0.697232 0.044827 0.715443
normal -0.697195 0.04932 0.715183
normal -0.348647 -0.923159 0.161934
normal -0.378436 -0.9256 -0.007195
normal -0.3138 -0.947435 0.062421
normal -0.3138 -0.947435 0.062421
normal -0.282749 -0.957543 0.056246
normal -0.348647 -0.923159 0.161934
normal -0.366136 0.04808 -0.929318
normal -0.35148 0.043884 -0.935166
normal -0.366275 0.044903 -0.929423
normal 0.033154 0.043893 0.998486
normal 0.012878 0.044831 0.998912
normal 0.01272 0.049325 0.998702
normal -0.132025 -0.923159 0.361035
normal -0.272684 -0.925599 0.262506
normal -0.177752 -0.947435 0.266027
normal -0.177752 -0.947435 0.266027
normal -0.160163 -0.957544 0.239704
normal -0.132025 -0.923159 0.361035
normal -0.916025 0.048082 -0.39823
normal -0.909796 0.043885 -0.41273
normal -0.916196 0.044905 -0.398206
normal 0.729476 0.043889 0.682597
normal 0.715442 0.044827 0.697233
normal 0.715182 0.04932 0.697196
normal -0.382684 0.0 -0.923879
normal -0.707107 0.0 -0.707107
normal -0.707107 0.0 -0.707107
normal -0.707107 0.0 -0.707107
normal -0.382685 0.0 -0.923879
normal -0.382684 0.0 -0.923879
normal -0.707107 0.0 -0.707107
normal -0.923879 0.0 -0.382684
normal -0.923879 0.0 -0.382684
normal -0.923879 0.0 -0.382684
normal -0.707107 0.0 -0.707107
normal -0.707107 0.0 -0.707107
normal 0.0 0.0 -1.0
normal -0.382684 0.0 -0.923879
normal -0.382685 0.0 -0.923879
normal -0.382685 0.0 -0.923879
normal -0.0 0.0 -1.0
normal 0.0 0.0 -1.0
normal -0.923879 0.0 -0.382684
normal -1.0 0.0 -0.0
normal -1.0 0.0 0.0
normal -1.0 0.0 0.0
normal -0.923879 0.0 -0.382684
normal -0.923879 0.0 -0.382684
normal 0.382684 0.0 -0.923879
normal 0.0 0.0 -1.0
normal -0.0 0.0 -1.0
normal -0.0 0.0 -1.0
normal 0.382684 0.0 -0.923879
normal 0.382684 0.0 -0.923879
normal -1.0 0.0 -0.0
normal -0.923879 0.0 0.382684
normal -0.923879 0.0 0.382684
normal -0.923879 0.0 0.382684
normal -1.0 0.0 0.0
normal -1.0 0.0 -0.0
normal 0.707107 0.0 -0.707107
normal 0.382684 0.0 -0.923879
normal 0.382684 0.0 -0.923879
normal 0.382684 0.0 -0.923879
normal 0.707107 0.0 -0.707107
normal 0.707107 0.0 -0.707107
normal -0.923879 0.0 0.382684
normal -0.707107 0.0 0.707107
normal -0.707107 0.0 0.707107
normal -0.707107 0.0 0.707107
normal -0.923879 0.0 0.382684
normal -0.923879 0.0 0.382684
normal 0.923879 0.0 -0.382684
normal 0.707107 0.0 -0.707107
normal 0.707107 0.0 -0.707107
normal 0.707107 0.0 -0.707107
normal 0.923879 0.0 -0.382684
normal 0.923879 0.0 -0.382684
normal -0.707107 0.0 0.707107
normal -0.382684 0.0 0.923879
normal -0.382684 0.0 0.923879
normal -0.382684 0.0 0.923879
normal -0.707107 0.0 0.707107
normal -0.707107 0.0 0.707107
normal 1.0 0.0 0.0
normal 0.923879 0.0 -0.382684
normal 0.923879 0.0 -0.382684
normal 0.923879 0.0 -0.382684
normal 1.0 0.0 0.0
normal 1.0 0.0 0.0
normal -0.382684 0.0 0.923879
normal 0.0 0.0 1.0
normal 0.0 0.0 1.0
normal 0.0 0.0 1.0
normal -0.382684 0.0 0.923879
normal -0.382684 0.0 0.923879
normal 0.923879 0.0 0.382684
normal 1.0 0.0 0.0
normal 1.0 0.0 0.0
normal 1.0 0.0 0.0
normal 0.923879 0.0 0.382684
normal 0.923879 0.0 0.382684
normal 0.0 0.0 1.0
normal 0.382684 0.0 0.923879
normal 0.382685 0.0 0.923879
normal 0.382685 0.0 0.923879
normal 0.0 0.0 1.0
normal 0.0 0.0 1.0
normal 0.707107 0.0 0.707107
normal 0.923879 0.0 0.382684
normal 0.923879 0.0 0.382684
normal 0.923879 0.0 0.382684
normal 0.707107 0.0 0.707107
normal 0.707107 0.0 0.707107
normal 0.382684 0.0 0.923879
normal 0.707107 0.0 0.707107
normal 0.707107 0.0 0.707107
normal 0.707107 0.0 0.707107
normal 0.382685 0.0 0.923879
normal 0.382684 0.0 0.923879
normal 0.382686 0.0 0.923879
normal 0.707107 0.0 0.707107
normal 0.382686 0.0 0.923878
normal 0.707108 0.0 0.707106
normal 0.0 -1.0 0.0
normal 0.0 -1.0 5e-06
normal 0.0 -1.0 5e-06
normal 0.0 -1.0 5e-06
normal 0.0 -1.0 0.0
normal 0.0 -1.0 0.0
normal -0.707107 0.0 -0.707107
normal -0.382686 0.0 -0.923878
normal -0.382686 0.0 -0.923878
normal -0.382686 0.0 -0.923878
normal -0.707107 0.0 -0.707107
normal -0.707107 0.0 -0.707107
normal 0.707107 0.0 0.707107
normal 0.923878 0.0 0.382686
normal 0.707108 0.0 0.707106
normal 0.923879 0.0 0.382685
normal 0.0 -1.0 5e-06
normal 0.0 -1.0 0.0
normal 0.0 -1.0 1e-06
normal 0.0 -1.0 1e-06
normal 0.0 -1.0 5e-06
normal 0.0 -1.0 5e-06
normal -0.923878 0.0 -0.382686
normal -0.707107 0.0 -0.707107
normal -0.707107 0.0 -0.707107
normal -0.707107 0.0 -0.707107
normal -0.923878 0.0 -0.382687
normal -0.923878 0.0 -0.382686
normal 0.0 0.0 1.0
normal 0.382686 0.0 0.923879
normal 0.0 0.0 1.0
normal 0.382686 0.0 0.923878
normal 0.0 -1.0 0.0
normal 0.0 -1.0 0.0
normal 0.0 -1.0 0.0
normal 0.0 -1.0 0.0
normal 0.0 -1.0 0.0
normal 0.0 -1.0 0.0
normal -0.382686 0.0 -0.923878
normal -0.0 0.0 -1.0
normal 0.0 0.0 -1.0
normal 0.0 0.0 -1.0
normal -0.382686 0.0 -0.923878
normal -0.382686 0.0 -0.923878
normal 0.923878 0.0 0.382686
normal 1.0 0.0 0.0
normal 0.923879 0.0 0.382685
normal 1.0 0.0 0.0
normal 0.0 -1.0 0.0
normal 0.0 -1.0 0.0
normal 0.0 -1.0 0.0
normal 0.0 -1.0 0.0
normal 0.0 -1.0 1e-06
normal 0.0 -1.0 0.0
normal -1.0 0.0 -0.0
normal -0.923878 0.0 -0.382686
normal -0.923878 0.0 -0.382687
normal -0.923878 0.0 -0.382687
normal -1.0 0.0 0.0
normal -1.0 0.0 -0.0
normal -0.382686 0.0 0.923878
normal 0.0 0.0 1.0
normal -0.382687 0.0 0.923878
normal 0.0 0.0 1.0
normal 0.0 -1.0 0.0
normal 0.0 -1.0 0.0
normal 0.0 -1.0 0.0
normal 0.0 -1.0 0.0
normal 0.0 -1.0 -1e-06
normal 0.0 -1.0 0.0
normal -0.0 0.0 -1.0
normal 0.382686 0.0 -0.923878
normal 0.382686 0.0 -0.923878
normal 0.382686 0.0 -0.923878
normal 0.0 0.0 -1.0
normal -0.0 0.0 -1.0
normal 1.0 0.0 0.0
normal 0.923878 0.0 -0.382686
normal 1.0 0.0 0.0
normal 0.923879 0.0 -0.382686
normal 0.0 -1.0 0.0
normal 0.0 -1.0 0.0
normal 0.0 -1.0 0.0
normal 0.0 -1.0 0.0
normal 0.0 -1.0 0.0
normal 0.0 -1.0 0.0
normal -0.923879 0.0 0.382686
normal -1.0 0.0 -0.0
normal -1.0 0.0 0.0
normal -1.0 0.0 0.0
normal -0.923878 0.0 0.382687
normal -0.923879 0.0 0.382686
normal -0.707107 0.0 0.707107
normal -0.382686 0.0 0.923878
normal -0.707108 0.0 0.707106
normal -0.382687 0.0 0.923878
normal 0.0 -1.0 -2e-06
normal 0.0 -1.0 0.0
normal 0.0 -1.0 -1e-06
normal 0.0 -1.0 -1e-06
normal 0.0 -1.0 -3e-06
normal 0.0 -1.0 -2e-06
normal 0.382686 0.0 -0.923878
normal 0.707107 0.0 -0.707107
normal 0.707106 0.0 -0.707107
normal 0.707106 0.0 -0.707107
normal 0.382686 0.0 -0.923878
normal 0.382686 0.0 -0.923878
normal 0.923878 0.0 -0.382686
normal 0.707107 0.0 -0.707107
normal 0.923879 0.0 -0.382686
normal 0.707108 0.0 -0.707106
normal 0.0 -1.0 0.0
normal 0.0 -1.0 2e-06
normal 0.0 -1.0 3e-06
normal 0.0 -1.0 3e-06
normal 0.0 -1.0 0.0
normal 0.0 -1.0 0.0
normal -0.707107 0.0 0.707107
normal -0.923879 0.0 0.382686
normal -0.923878 0.0 0.382687
normal -0.923878 0.0 0.382687
normal -0.707106 0.0 0.707107
normal -0.707107 0.0 0.707107
normal -0.923878 0.0 0.382686
normal -0.707107 0.0 0.707107
normal -0.923879 0.0 0.382686
normal -0.707108 0.0 0.707106
normal 0.0 -1.0 0.0
normal 0.0 -1.0 -2e-06
normal 0.0 -1.0 -3e-06
normal 0.0 -1.0 -3e-06
normal 0.0 -1.0 0.0
normal 0.0 -1.0 0.0
normal 0.707107 0.0 -0.707107
normal 0.923879 0.0 -0.382686
normal 0.923878 0.0 -0.382687
normal 0.923878 0.0 -0.382687
normal 0.707106 0.0 -0.707107
normal 0.707107 0.0 -0.707107
normal 0.707107 0.0 -0.707107
normal 0.382686 0.0 -0.923878
normal 0.707108 0.0 -0.707106
normal 0.382687 0.0 -0.923878
normal 0.0 -1.0 2e-06
normal 0.0 -1.0 0.0
normal 0.0 -1.0 1e-06
normal 0.0 -1.0 1e-06
normal 0.0 -1.0 3e-06
normal 0.0 -1.0 2e-06
normal -0.382686 0.0 0.923878
normal -0.707107 0.0 0.707107
normal -0.707106 0.0 0.707107
normal -0.707106 0.0 0.707107
normal -0.382686 0.0 0.923878
normal -0.382686 0.0 0.923878
normal -1.0 0.0 0.0
normal -0.923878 0.0 0.382686
normal -1.0 0.0 0.0
normal -0.923879 0.0 0.382686
normal 0.0 -1.0 0.0
normal 0.0 -1.0 0.0
normal 0.0 -1.0 0.0
normal 0.0 -1.0 0.0
normal 0.0 -1.0 0.0
normal 0.0 -1.0 0.0
normal 0.923879 0.0 -0.382686
normal 1.0 0.0 0.0
normal 1.0 0.0 0.0
normal 1.0 0.0 0.0
normal 0.923878 0.0 -0.382687
normal 0.923879 0.0 -0.382686
normal 0.382686 0.0 -0.923878
normal 0.0 0.0 -1.0
normal 0.382687 0.0 -0.923878
normal 0.0 0.0 -1.0
normal 0.0 -1.0 0.0
normal 0.0 -1.0 0.0
normal 0.0 -1.0 0.0
normal 0.0 -1.0 0.0
normal 0.0 -1.0 1e-06
normal 0.0 -1.0 0.0
normal 0.0 0.0 1.0
normal -0.382686 0.0 0.923878
normal -0.382686 0.0 0.923878
normal -0.382686 0.0 0.923878
normal 0.0 0.0 1.0
normal 0.0 0.0 1.0
normal -0.923878 0.0 -0.382686
normal -1.0 0.0 0.0
normal -0.923879 0.0 -0.382685
normal -1.0 0.0 0.0
normal 0.0 -1.0 0.0
normal 0.0 -1.0 0.0
normal 0.0 -1.0 0.0
normal 0.0 -1.0 0.0
normal 0.0 -1.0 -1e-06
normal 0.0 -1.0 0.0
normal 1.0 0.0 0.0
normal 0.923878 0.0 0.382687
normal 0.923878 0.0 0.382687
normal 0.923878 0.0 0.382687
normal 1.0 0.0 0.0
normal 1.0 0.0 0.0
normal 0.0 0.0 -1.0
normal -0.382686 0.0 -0.923879
normal 0.0 0.0 -1.0
normal -0.382686 0.0 -0.923878
normal 0.0 -1.0 0.0
normal 0.0 -1.0 0.0
normal 0.0 -1.0 0.0
normal 0.0 -1.0 0.0
normal 0.0 -1.0 0.0
normal 0.0 -1.0 0.0
normal 0.382686 0.0 0.923878
normal 0.0 0.0 1.0
normal 0.0 0.0 1.0
normal 0.0 0.0 1.0
normal 0.382686 0.0 0.923878
normal 0.382686 0.0 0.923878
normal -0.707107 0.0 -0.707107
normal -0.923878 0.0 -0.382686
normal -0.707108 0.0 -0.707106
normal -0.923879 0.0 -0.382685
normal 0.0 -1.0 -5e-06
normal 0.0 -1.0 0.0
normal 0.0 -1.0 -1e-06
normal 0.0 -1.0 -1e-06
normal 0.0 -1.0 -5e-06
normal 0.0 -1.0 -5e-06
normal 0.923878 0.0 0.382687
normal 0.707107 0.0 0.707107
normal 0.707107 0.0 0.707107
normal 0.707107 0.0 0.707107
normal 0.923878 0.0 0.382687
normal 0.923878 0.0 0.382687
normal -0.382686 0.0 -0.923879
normal -0.707107 0.0 -0.707107
normal -0.382686 0.0 -0.923878
normal -0.707108 0.0 -0.707106
normal 0.0 -1.0 0.0
normal 0.0 -1.0 -5e-06
normal 0.0 -1.0 -5e-06
normal 0.0 -1.0 -5e-06
normal 0.0 -1.0 0.0
normal 0.0 -1.0 0.0
normal 0.707107 0.0 0.707107
normal 0.382686 0.0 0.923878
normal 0.382686 0.0 0.923878
normal 0.382686 0.0 0.923878
normal 0.707107 0.0 0.707107
normal 0.707107 0.0 0.707107
normal -0.707107 0.0 -0.707107
normal -0.382686 0.0 -0.923878
normal -0.382687 0.0 -0.923878
normal -0.382687 0.0 -0.923878
normal -0.707108 0.0 -0.707106
normal -0.707107 0.0 -0.707107
normal -0.923878 0.0 -0.382687
normal -0.707107 0.0 -0.707107
normal -0.707108 0.0 -0.707106
normal -0.707108 0.0 -0.707106
normal -0.923879 0.0 -0.382686
normal -0.923878 0.0 -0.382687
normal -0.382686 0.0 -0.923878
normal 0.0 0.0 -1.0
normal -0.0 0.0 -1.0
normal -0.0 0.0 -1.0
normal -0.382687 0.0 -0.923878
normal -0.382686 0.0 -0.923878
normal -1.0 0.0 0.0
normal -0.923878 0.0 -0.382687
normal -0.923879 0.0 -0.382686
normal -0.923879 0.0 -0.382686
normal -1.0 0.0 0.0
normal -1.0 0.0 0.0
normal 0.0 0.0 -1.0
normal 0.382686 0.0 -0.923878
normal 0.382687 0.0 -0.923878
normal 0.382687 0.0 -0.923878
normal -0.0 0.0 -1.0
normal 0.0 0.0 -1.0
normal -0.923878 0.0 0.382687
normal -1.0 0.0 0.0
normal -1.0 0.0 0.0
normal -1.0 0.0 0.0
normal -0.923879 0.0 0.382686
normal -0.923878 0.0 0.382687
normal 0.382686 0.0 -0.923878
normal 0.707106 0.0 -0.707107
normal 0.707107 0.0 -0.707106
normal 0.707107 0.0 -0.707106
normal 0.382687 0.0 -0.923878
normal 0.382686 0.0 -0.923878
normal -0.707106 0.0 0.707107
normal -0.923878 0.0 0.382687
normal -0.923879 0.0 0.382686
normal -0.923879 0.0 0.382686
normal -0.707107 0.0 0.707106
normal -0.707106 0.0 0.707107
normal 0.707106 0.0 -0.707107
normal 0.923878 0.0 -0.382687
normal 0.923879 0.0 -0.382686
normal 0.923879 0.0 -0.382686
normal 0.707107 0.0 -0.707106
normal 0.707106 0.0 -0.707107
normal -0.382686 0.0 0.923878
normal -0.707106 0.0 0.707107
normal -0.707107 0.0 0.707106
normal -0.707107 0.0 0.707106
normal -0.382687 0.0 0.923878
normal -0.382686 0.0 0.923878
normal 0.923878 0.0 -0.382687
normal 1.0 0.0 0.0
normal 1.0 0.0 0.0
normal 1.0 0.0 0.0
normal 0.923879 0.0 -0.382686
normal 0.923878 0.0 -0.382687
normal 0.0 0.0 1.0
normal -0.382686 0.0 0.923878
normal -0.382687 0.0 0.923878
normal -0.382687 0.0 0.923878
normal 0.0 0.0 1.0
normal 0.0 0.0 1.0
normal 1.0 0.0 0.0
normal 0.923878 0.0 0.382687
normal 0.923879 0.0 0.382686
normal 0.923879 0.0 0.382686
normal 1.0 0.0 0.0
normal 1.0 0.0 0.0
normal 0.382686 0.0 0.923878
normal 0.0 0.0 1.0
normal 0.0 0.0 1.0
normal 0.0 0.0 1.0
normal 0.382687 0.0 0.923878
normal 0.382686 0.0 0.923878
normal 0.923878 0.0 0.382687
normal 0.707107 0.0 0.707107
normal 0.707108 0.0 0.707106
normal 0.707108 0.0 0.707106
normal 0.923879 0.0 0.382686
normal 0.923878 0.0 0.382687
normal 0.707107 0.0 0.707107
normal 0.382686 0.0 0.923878
normal 0.382687 0.0 0.923878
normal 0.382687 0.0 0.923878
normal 0.707108 0.0 0.707106
normal 0.707107 0.0 0.707107
normal 0.0 -1.0 0.0
normal 0.0 -1.0 0.0
normal 0.0 -1.0 0.0
normal -0.098811 0.99439 0.037756
normal -0.076839 0.99439 0.072699
normal -0.0 1.0 -0.0
normal 0.037761 0.99439 0.09881
normal 0.072699 0.99439 0.076837
normal -0.0 1.0 -0.0
normal 0.0 -1.0 0.0
normal 0.0 -1.0 3e-06
normal 0.0 -1.0 0.0
normal -0.076839 0.99439 0.072699
normal -0.098811 0.99439 0.037756
normal -0.528689 0.668972 0.522459
normal -0.688383 0.66897 0.280371
normal 0.072699 0.99439 0.076837
normal 0.037761 0.99439 0.09881
normal 0.522462 0.668971 0.528688
normal 0.280376 0.668971 0.68838
normal 0.0 -1.0 3e-06
normal 0.0 -1.0 0.0
normal 0.0 -1.0 0.0
normal 0.0 -1.0 0.0
normal 0.0 -1.0 -3e-06
normal 0.0 -1.0 0.0
normal 0.0 -1.0 -3e-06
normal 0.0 -1.0 0.0
normal 0.0 -1.0 0.0
normal -0.10574 0.99439 -0.002925
normal -0.098811 0.99439 0.037756
normal -0.0 1.0 -0.0
normal -0.002928 0.99439 0.105739
normal 0.037761 0.99439 0.09881
normal -0.0 1.0 -0.0
normal 0.0 -1.0 0.0
normal 0.0 -1.0 0.0
normal 0.0 -1.0 0.0
normal -0.688383 0.66897 0.280371
normal -0.098811 0.99439 0.037756
normal -0.74328 0.668966 -0.004399
normal -0.10574 0.99439 -0.002925
normal 0.280376 0.668971 0.68838
normal 0.037761 0.99439 0.09881
normal -0.004401 0.668968 0.743278
normal -0.002928 0.99439 0.105739
normal 0.0 -1.0 0.0
normal 0.0 -1.0 0.0
normal 0.0 -1.0 0.0
normal 0.0 -1.0 0.0
normal 0.0 -1.0 0.0
normal 0.0 -1.0 0.0
normal 0.0 -1.0 0.0
normal 0.0 -1.0 0.0
normal 0.0 -1.0 0.0
normal -0.09657 0.99439 -0.043168
normal -0.10574 0.99439 -0.002925
normal -0.0 1.0 -0.0
normal -0.04317 0.99439 0.096568
normal -0.002928 0.99439 0.105739
normal -0.0 1.0 -0.0
normal 0.0 -1.0 0.0
normal 0.0 -1.0 -3e-06
normal 0.0 -1.0 0.0
normal -0.74328 0.668966 -0.004399
normal -0.10574 0.99439 -0.002925
normal -0.685014 0.668969 -0.288508
normal -0.09657 0.99439 -0.043168
normal -0.004401 0.668968 0.743278
normal -0.002928 0.99439 0.105739
normal -0.288507 0.668965 0.685018
normal -0.04317 0.99439 0.096568
normal 0.0 -1.0 -3e-06
normal 0.0 -1.0 0.0
normal 0.0 -1.0 0.0
normal 0.0 -1.0 0.0
normal 0.0 -1.0 3e-06
normal 0.0 -1.0 0.0
normal 0.0 -1.0 3e-06
normal 0.0 -1.0 0.0
normal 0.0 -1.0 0.0
normal -0.072699 0.99439 -0.076837
normal -0.09657 0.99439 -0.043168
normal -0.0 1.0 -0.0
normal -0.076839 0.99439 0.072699
normal -0.04317 0.99439 0.096568
normal -0.0 1.0 -0.0
normal 0.0 -1.0 0.0
normal 0.0 -1.0 0.0
normal 0.0 -1.0 0.0
normal -0.685014 0.668969 -0.288508
normal -0.09657 0.99439 -0.043168
normal -0.522462 0.668971 -0.528688
normal -0.072699 0.99439 -0.076837
normal -0.288507 0.668965 0.685018
normal -0.04317 0.99439 0.096568
normal -0.528689 0.668972 0.522459
normal -0.076839 0.99439 0.072699
normal 0.0 -1.0 0.0
normal 0.0 -1.0 0.0
normal 0.0 -1.0 0.0
normal 0.0 -1.0 0.0
normal 0.0 -1.0 0.0
normal 0.0 -1.0 0.0
normal 0.072699 0.99439 0.076837
normal 0.522462 0.668971 0.528688
normal 0.09657 0.99439 0.043168
normal 0.685014 0.668969 0.288508
normal 0.072699 0.99439 0.076837
normal 0.09657 0.99439 0.043168
normal -0.0 1.0 -0.0
normal 0.09657 0.99439 0.043168
normal 0.685014 0.668969 0.288508
normal 0.10574 0.99439 0.002925
normal 0.74328 0.668966 0.004399
normal 0.09657 0.99439 0.043168
normal 0.10574 0.99439 0.002925
normal -0.0 1.0 -0.0
normal 0.10574 0.99439 0.002925
normal 0.74328 0.668966 0.004399
normal 0.098811 0.99439 -0.037756
normal 0.688383 0.66897 -0.280371
normal 0.10574 0.99439 0.002925
normal 0.098811 0.99439 -0.037756
normal -0.0 1.0 -0.0
normal 0.098811 0.99439 -0.037756
normal 0.688383 0.66897 -0.280371
normal 0.076839 0.99439 -0.072699
normal 0.528689 0.668972 -0.522459
normal 0.098811 0.99439 -0.037756
normal 0.076839 0.99439 -0.072699
normal -0.0 1.0 -0.0
normal 0.076839 0.99439 -0.072699
normal 0.528689 0.668972 -0.522459
normal 0.04317 0.99439 -0.096568
normal 0.288507 0.668965 -0.685018
normal 0.076839 0.99439 -0.072699
normal 0.04317 0.99439 -0.096568
normal -0.0 1.0 -0.0
normal 0.04317 0.99439 -0.096568
normal 0.288507 0.668965 -0.685018
normal 0.002928 0.99439 -0.105739
normal 0.004401 0.668968 -0.743278
normal 0.04317 0.99439 -0.096568
normal 0.002928 0.99439 -0.105739
normal -0.0 1.0 -0.0
normal 0.002928 0.99439 -0.105739
normal 0.004401 0.668968 -0.743278
normal -0.037761 0.99439 -0.09881
normal -0.280376 0.668971 -0.68838
normal 0.002928 0.99439 -0.105739
normal -0.037761 0.99439 -0.09881
normal -0.0 1.0 -0.0
normal -0.037761 0.99439 -0.09881
normal -0.280376 0.668971 -0.68838
normal -0.072699 0.99439 -0.076837
normal -0.522462 0.668971 -0.528688
normal -0.037761 0.99439 -0.09881
normal -0.072699 0.99439 -0.076837
normal -0.0 1.0 -0.0
normal 0.0 0.998418 -0.056219
normal 0.0 0.999876 -0.01572
normal 0.0 0.999876 -0.01572
normal 0.0 0.998418 -0.056219
normal 0.0 0.042922 -0.999078
normal 0.0 0.042922 -0.999078
normal 0.0 0.0 -1.0
normal 0.0 0.0 -1.0
normal 0.0 0.809017 -0.587785
normal 0.0 0.809017 -0.587785
normal 0.0 0.587785 -0.809017
normal 0.0 0.587785 -0.809017
normal 0.0 0.309017 -0.951057
normal 0.0 0.309017 -0.951057

# Material type -- Green Cube
material 0.0 0.56 0.0 0.0 0.56 0.0 0.5 0.5 0.5 1 0 0 0 1.0
triangle 20 21 22
triangle 22 21 23
triangle 22 23 24
triangle 24 23 25
triangle 24 25 26
triangle 26 25 27
triangle 26 27 20
triangle 20 27 21
triangle 21 27 23
triangle 23 27 25
triangle 26 20 24
triangle 24 20 22


# Material type -- Brown Table
material .4 .2 .1 .4 .2 .1 0 0 0 1 0 0 0 1.0
triangle 393 385 384
triangle 393 384 392


# Material type -- Red Label
##material .3 0.0 0.0 0.3 0.0 0.0 .6 .6 .6 1.5 .1 0 0 1.0
#material .3 0.0 0.0 0.3 0.0 0.0 1 1 1 10 .8 .2 .2 1.1
##material 1 0.0 0.0 1 0.0 0.0 0 0 0 .9 0 0 0 1.0
#normal_triangle 0 1 2 0 1 2
#normal_triangle 2 1 3 2 1 3
#normal_triangle 4 0 5 4 5 6
#normal_triangle 5 0 2 6 5 7
#normal_triangle 6 7 8 8 9 10
#normal_triangle 8 7 9 10 9 11
#normal_triangle 10 6 11 12 13 14
#normal_triangle 11 6 8 14 13 15
#normal_triangle 12 10 13 16 17 18
#normal_triangle 13 10 11 18 17 19
#normal_triangle 14 12 15 20 21 22
#normal_triangle 15 12 13 22 21 23
#normal_triangle 16 14 17 24 25 26
#normal_triangle 17 14 15 26 25 27
#normal_triangle 18 16 19 28 29 30
#normal_triangle 19 16 17 30 29 31
#normal_triangle 1 18 3 32 33 34
vnormal_triangle 3 18 19 34 33 35

# Material type -- White Cap
material 0.2 0.2 0.2 .6 .6 .6 0.3 0.3 0.3 1 .2 .2 .2 1.0
material 0.4 0.4 0.4 0.8 0.8 0.8 .2 .2 .2 10 0 0 0 1.0
normal_triangle 334 335 350 1404 1405 1406
normal_triangle 350 335 351 1406 1405 1407
normal_triangle 286 289 335 1408 1409 1410
normal_triangle 335 334 286 1411 1412 1413
normal_triangle 289 286 287 1414 1415 1416
normal_triangle 287 288 289 1417 1418 1419
normal_triangle 335 336 351 1420 1421 1422
normal_triangle 351 336 352 1422 1421 1423
normal_triangle 289 291 336 1424 1425 1426
normal_triangle 336 335 289 1427 1428 1429
normal_triangle 291 289 288 1430 1431 1432
normal_triangle 288 290 291 1433 1434 1435
normal_triangle 337 334 353 1436 1437 1438
normal_triangle 353 334 350 1438 1437 1439
normal_triangle 292 286 334 1440 1441 1442
normal_triangle 334 337 292 1443 1444 1445
normal_triangle 286 292 293 1446 1447 1448
normal_triangle 293 287 286 1449 1450 1451
normal_triangle 336 338 352 1452 1453 1454
normal_triangle 352 338 354 1454 1453 1455
normal_triangle 291 295 338 1456 1457 1458
normal_triangle 338 336 291 1459 1460 1461
normal_triangle 295 291 290 1462 1463 1464
normal_triangle 290 294 295 1465 1466 1467
normal_triangle 339 337 355 1468 1469 1470
normal_triangle 355 337 353 1470 1469 1471
normal_triangle 296 292 337 1472 1473 1474
normal_triangle 337 339 296 1475 1476 1477
normal_triangle 292 296 297 1478 1479 1480
normal_triangle 297 293 292 1481 1482 1483
normal_triangle 338 340 354 1484 1485 1486
normal_triangle 354 340 356 1486 1485 1487
normal_triangle 295 299 340 1488 1489 1490
normal_triangle 340 338 295 1491 1492 1493
normal_triangle 299 295 294 1494 1495 1496
normal_triangle 294 298 299 1497 1498 1499
normal_triangle 341 339 357 1500 1501 1502
normal_triangle 357 339 355 1502 1501 1503
normal_triangle 300 296 339 1504 1505 1506
normal_triangle 339 341 300 1507 1508 1509
normal_triangle 296 300 301 1510 1511 1512
normal_triangle 301 297 296 1513 1514 1515
normal_triangle 340 342 356 1516 1517 1518
normal_triangle 356 342 358 1518 1517 1519
normal_triangle 299 303 342 1520 1521 1522
normal_triangle 342 340 299 1523 1524 1525
normal_triangle 303 299 298 1526 1527 1528
normal_triangle 298 302 303 1529 1530 1531
normal_triangle 343 341 359 1532 1533 1534
normal_triangle 359 341 357 1534 1533 1535
normal_triangle 304 300 341 1536 1537 1538
normal_triangle 341 343 304 1539 1540 1541
normal_triangle 300 304 305 1542 1543 1544
normal_triangle 305 301 300 1545 1546 1547
normal_triangle 342 344 358 1548 1549 1550
normal_triangle 358 344 360 1550 1549 1551
normal_triangle 303 307 344 1552 1553 1554
normal_triangle 344 342 303 1555 1556 1557
normal_triangle 307 303 302 1558 1559 1560
normal_triangle 302 306 307 1561 1562 1563
normal_triangle 345 343 361 1564 1565 1566
normal_triangle 361 343 359 1566 1565 1567
normal_triangle 308 304 343 1568 1569 1570
normal_triangle 343 345 308 1571 1572 1573
normal_triangle 304 308 309 1574 1575 1576
normal_triangle 309 305 304 1577 1578 1579
normal_triangle 344 346 360 1580 1581 1582
normal_triangle 360 346 362 1582 1581 1583
normal_triangle 307 311 346 1584 1585 1586
normal_triangle 346 344 307 1587 1588 1589
normal_triangle 311 307 306 1590 1591 1592
normal_triangle 306 310 311 1593 1594 1595
normal_triangle 347 345 363 1596 1597 1598
normal_triangle 363 345 361 1598 1597 1599
normal_triangle 312 308 345 1600 1601 1602
normal_triangle 345 347 312 1603 1604 1605
normal_triangle 308 312 313 1606 1607 1608
normal_triangle 313 309 308 1609 1610 1611
normal_triangle 346 348 362 1612 1613 1614
normal_triangle 362 348 364 1614 1613 1615
normal_triangle 311 315 348 1616 1617 1618
normal_triangle 348 346 311 1619 1620 1621
normal_triangle 315 311 310 1622 1623 1624
normal_triangle 310 314 315 1625 1626 1627
normal_triangle 349 347 365 1628 1629 1630
normal_triangle 365 347 363 1630 1629 1631
normal_triangle 316 312 347 1632 1633 1634
normal_triangle 347 349 316 1635 1636 1637
normal_triangle 312 316 317 1638 1639 1640
normal_triangle 317 313 312 1641 1642 1643
normal_triangle 348 349 364 1644 1645 1646
normal_triangle 364 349 365 1646 1645 1647
normal_triangle 315 316 349 1648 1649 1650
normal_triangle 349 348 315 1651 1652 1653
normal_triangle 316 315 314 1654 1655 1656
normal_triangle 314 317 316 1657 1658 1659
normal_triangle 288 287 318 1660 1661 1662
normal_triangle 318 319 288 1663 1664 1665
normal_triangle 290 288 319 1666 1667 1668
normal_triangle 319 320 290 1669 1670 1671
normal_triangle 287 293 321 1672 1673 1674
normal_triangle 321 318 287 1675 1676 1677
normal_triangle 294 290 320 1678 1679 1680
normal_triangle 320 322 294 1681 1682 1683
normal_triangle 293 297 323 1684 1685 1686
normal_triangle 323 321 293 1687 1688 1689
normal_triangle 298 294 322 1690 1691 1692
normal_triangle 322 324 298 1693 1694 1695
normal_triangle 297 301 325 1696 1697 1698
normal_triangle 325 323 297 1699 1700 1701
normal_triangle 302 298 324 1702 1703 1704
normal_triangle 324 326 302 1705 1706 1707
normal_triangle 301 305 327 1708 1709 1710
normal_triangle 327 325 301 1711 1712 1713
normal_triangle 306 302 326 1714 1715 1716
normal_triangle 326 328 306 1717 1718 1719
normal_triangle 305 309 329 1720 1721 1722
normal_triangle 329 327 305 1723 1724 1725
normal_triangle 310 306 328 1726 1727 1728
normal_triangle 328 330 310 1729 1730 1731
normal_triangle 309 313 331 1732 1733 1734
normal_triangle 331 329 309 1735 1736 1737
normal_triangle 314 310 330 1738 1739 1740
normal_triangle 330 332 314 1741 1742 1743
normal_triangle 313 317 333 1744 1745 1746
normal_triangle 333 331 313 1747 1748 1749
normal_triangle 317 314 332 1750 1751 1752
normal_triangle 332 333 317 1753 1754 1755
normal_triangle 328 326 366 1756 1757 1758
normal_triangle 378 379 368 1759 1760 1761
normal_triangle 382 383 368 1762 1763 1764
normal_triangle 326 324 366 1765 1766 1767
normal_triangle 379 378 357 1768 1769 1770
normal_triangle 357 378 359 1770 1769 1771
normal_triangle 383 382 351 1772 1773 1774
normal_triangle 351 382 350 1774 1773 1775
normal_triangle 324 322 366 1776 1777 1778
normal_triangle 322 320 366 1779 1780 1781
normal_triangle 320 319 366 1782 1783 1784
normal_triangle 377 378 368 1785 1786 1787
normal_triangle 381 382 368 1788 1789 1790
normal_triangle 319 318 366 1791 1792 1793
normal_triangle 359 378 361 1794 1795 1796
normal_triangle 361 378 377 1796 1795 1797
normal_triangle 350 382 353 1798 1799 1800
normal_triangle 353 382 381 1800 1799 1801
normal_triangle 318 321 366 1802 1803 1804
normal_triangle 321 323 366 1805 1806 1807
normal_triangle 323 325 366 1808 1809 1810
normal_triangle 376 377 368 1811 1812 1813
normal_triangle 380 381 368 1814 1815 1816
normal_triangle 325 327 366 1817 1818 1819
normal_triangle 361 377 363 1820 1821 1822
normal_triangle 363 377 376 1822 1821 1823
normal_triangle 353 381 355 1824 1825 1826
normal_triangle 355 381 380 1826 1825 1827
normal_triangle 327 329 366 1828 1829 1830
normal_triangle 329 331 366 1831 1832 1833
normal_triangle 331 333 366 1834 1835 1836
normal_triangle 375 376 368 1837 1838 1839
normal_triangle 379 380 368 1840 1841 1842
normal_triangle 333 332 366 1843 1844 1845
normal_triangle 363 376 365 1846 1847 1848
normal_triangle 365 376 375 1848 1847 1849
normal_triangle 355 380 357 1850 1851 1852
normal_triangle 357 380 379 1852 1851 1853
normal_triangle 332 330 366 1854 1855 1856
normal_triangle 330 328 366 1857 1858 1859
normal_triangle 383 351 367 1860 1861 1862
normal_triangle 367 351 352 1862 1861 1863
normal_triangle 383 367 368 1864 1865 1866
normal_triangle 367 352 369 1867 1868 1869
normal_triangle 369 352 354 1869 1868 1870
normal_triangle 367 369 368 1871 1872 1873
normal_triangle 369 354 370 1874 1875 1876
normal_triangle 370 354 356 1876 1875 1877
normal_triangle 369 370 368 1878 1879 1880
normal_triangle 370 356 371 1881 1882 1883
normal_triangle 371 356 358 1883 1882 1884
normal_triangle 370 371 368 1885 1886 1887
normal_triangle 371 358 372 1888 1889 1890
normal_triangle 372 358 360 1890 1889 1891
normal_triangle 371 372 368 1892 1893 1894
normal_triangle 372 360 373 1895 1896 1897
normal_triangle 373 360 362 1897 1896 1898
normal_triangle 372 373 368 1899 1900 1901
normal_triangle 373 362 374 1902 1903 1904
normal_triangle 374 362 364 1904 1903 1905
normal_triangle 373 374 368 1906 1907 1908
normal_triangle 374 364 375 1909 1910 1911
normal_triangle 375 364 365 1911 1910 1912
normal_triangle 374 375 368 1913 1914 1915

#Glass bottle material
material 0.0 0.0 0.0 .2 .2 .2 0.3 0.3 0.3 1 0.7 0.7 0.7 1.1
normal_triangle 29 28 45 60 61 62
normal_triangle 45 28 44 62 61 63
normal_triangle 30 29 46 64 65 66
normal_triangle 46 29 45 66 65 67
normal_triangle 31 30 47 68 69 70
normal_triangle 47 30 46 70 69 71
normal_triangle 32 31 48 72 73 74
normal_triangle 48 31 47 74 73 75
normal_triangle 33 32 49 76 77 78
normal_triangle 49 32 48 78 77 79
normal_triangle 34 33 50 80 81 82
normal_triangle 50 33 49 82 81 83
normal_triangle 35 34 51 84 85 86
normal_triangle 51 34 50 86 85 87
normal_triangle 36 35 52 88 89 90
normal_triangle 52 35 51 90 89 91
normal_triangle 37 36 53 92 93 94
normal_triangle 53 36 52 94 93 95
normal_triangle 38 37 54 96 97 98
normal_triangle 54 37 53 98 97 99
normal_triangle 39 38 55 100 101 102
normal_triangle 55 38 54 102 101 103
normal_triangle 40 39 56 104 105 106
normal_triangle 56 39 55 106 105 107
normal_triangle 41 40 57 108 109 110
normal_triangle 57 40 56 110 109 111
normal_triangle 42 41 58 112 113 114
normal_triangle 58 41 57 114 113 115
normal_triangle 43 42 59 116 117 118
normal_triangle 59 42 58 118 117 119
normal_triangle 28 43 44 120 121 122
normal_triangle 44 43 59 122 121 123
normal_triangle 37 38 106 124 125 126
normal_triangle 106 38 61 126 125 127
normal_triangle 106 61 107 128 129 130
normal_triangle 107 61 62 130 129 131
normal_triangle 107 62 108 132 133 134
normal_triangle 108 62 63 134 133 135
normal_triangle 61 38 64 136 137 138
normal_triangle 64 38 39 138 137 139
normal_triangle 62 61 65 140 141 142
normal_triangle 65 61 64 142 141 143
normal_triangle 63 62 66 144 145 146
normal_triangle 66 62 65 146 145 147
normal_triangle 64 39 67 148 149 150
normal_triangle 67 39 40 150 149 151
normal_triangle 65 64 68 152 153 154
normal_triangle 68 64 67 154 153 155
normal_triangle 66 65 69 156 157 158
normal_triangle 69 65 68 158 157 159
normal_triangle 67 40 70 160 161 162
normal_triangle 70 40 41 162 161 163
normal_triangle 68 67 71 164 165 166
normal_triangle 71 67 70 166 165 167
normal_triangle 69 68 72 168 169 170
normal_triangle 72 68 71 170 169 171
normal_triangle 70 41 73 172 173 174
normal_triangle 73 41 42 174 173 175
normal_triangle 71 70 74 176 177 178
normal_triangle 74 70 73 178 177 179
normal_triangle 72 71 75 180 181 182
normal_triangle 75 71 74 182 181 183
normal_triangle 73 42 76 184 185 186
normal_triangle 76 42 43 186 185 187
normal_triangle 74 73 77 188 189 190
normal_triangle 77 73 76 190 189 191
normal_triangle 75 74 78 192 193 194
normal_triangle 78 74 77 194 193 195
normal_triangle 76 43 79 196 197 198
normal_triangle 79 43 28 198 197 199
normal_triangle 77 76 80 200 201 202
normal_triangle 80 76 79 202 201 203
normal_triangle 78 77 81 204 205 206
normal_triangle 81 77 80 206 205 207
normal_triangle 79 28 82 208 209 210
normal_triangle 82 28 29 210 209 211
normal_triangle 80 79 83 212 213 214
normal_triangle 83 79 82 214 213 215
normal_triangle 81 80 84 216 217 218
normal_triangle 84 80 83 218 217 219
normal_triangle 82 29 85 220 221 222
normal_triangle 85 29 30 222 221 223
normal_triangle 83 82 86 224 225 226
normal_triangle 86 82 85 226 225 227
normal_triangle 84 83 87 228 229 230
normal_triangle 87 83 86 230 229 231
normal_triangle 85 30 88 232 233 234
normal_triangle 88 30 31 234 233 235
normal_triangle 86 85 89 236 237 238
normal_triangle 89 85 88 238 237 239
normal_triangle 87 86 90 240 241 242
normal_triangle 90 86 89 242 241 243
normal_triangle 88 31 91 244 245 246
normal_triangle 91 31 32 246 245 247
normal_triangle 89 88 92 248 249 250
normal_triangle 92 88 91 250 249 251
normal_triangle 90 89 93 252 253 254
normal_triangle 93 89 92 254 253 255
normal_triangle 91 32 94 256 257 258
normal_triangle 94 32 33 258 257 259
normal_triangle 92 91 95 260 261 262
normal_triangle 95 91 94 262 261 263
normal_triangle 93 92 96 264 265 266
normal_triangle 96 92 95 266 265 267
normal_triangle 94 33 97 268 269 270
normal_triangle 97 33 34 270 269 271
normal_triangle 95 94 98 272 273 274
normal_triangle 98 94 97 274 273 275
normal_triangle 96 95 99 276 277 278
normal_triangle 99 95 98 278 277 279
normal_triangle 97 34 100 280 281 282
normal_triangle 100 34 35 282 281 283
normal_triangle 98 97 101 284 285 286
normal_triangle 101 97 100 286 285 287
normal_triangle 99 98 102 288 289 290
normal_triangle 102 98 101 290 289 291
normal_triangle 100 35 103 292 293 294
normal_triangle 103 35 36 294 293 295
normal_triangle 101 100 104 296 297 298
normal_triangle 104 100 103 298 297 299
normal_triangle 102 101 105 300 301 302
normal_triangle 105 101 104 302 301 303
normal_triangle 103 36 106 304 305 306
normal_triangle 106 36 37 306 305 307
normal_triangle 104 103 107 308 309 310
normal_triangle 107 103 106 310 309 311
normal_triangle 105 104 108 312 313 314
normal_triangle 108 104 107 314 313 315
normal_triangle 110 109 254 316 317 318
normal_triangle 254 255 110 319 320 321
normal_triangle 109 111 256 322 323 324
normal_triangle 256 254 109 325 326 327
normal_triangle 112 110 255 328 329 330
normal_triangle 255 257 112 331 332 333
normal_triangle 111 113 258 334 335 336
normal_triangle 258 256 111 337 338 339
normal_triangle 114 112 257 340 341 342
normal_triangle 257 259 114 343 344 345
normal_triangle 113 115 260 346 347 348
normal_triangle 260 258 113 349 350 351
normal_triangle 116 114 259 352 353 354
normal_triangle 259 261 116 355 356 357
normal_triangle 115 117 262 358 359 360
normal_triangle 262 260 115 361 362 363
normal_triangle 118 116 261 364 365 366
normal_triangle 261 263 118 367 368 369
normal_triangle 117 119 264 370 371 372
normal_triangle 264 262 117 373 374 375
normal_triangle 120 118 263 376 377 378
normal_triangle 263 265 120 379 380 381
normal_triangle 119 121 266 382 383 384
normal_triangle 266 264 119 385 386 387
normal_triangle 122 120 265 388 389 390
normal_triangle 265 267 122 391 392 393
normal_triangle 121 123 268 394 395 396
normal_triangle 268 266 121 397 398 399
normal_triangle 124 122 267 400 401 402
normal_triangle 267 269 124 403 404 405
normal_triangle 123 124 269 406 407 408
normal_triangle 269 268 123 409 410 411
normal_triangle 63 141 108 412 413 414
normal_triangle 108 141 142 414 413 415
normal_triangle 125 189 190 416 417 418
normal_triangle 190 126 125 419 420 421
normal_triangle 66 143 63 422 423 424
normal_triangle 63 143 141 424 423 425
normal_triangle 127 191 189 426 427 428
normal_triangle 189 125 127 429 430 431
normal_triangle 108 142 105 432 433 434
normal_triangle 105 142 144 434 433 435
normal_triangle 126 190 192 436 437 438
normal_triangle 192 128 126 439 440 441
normal_triangle 69 145 66 442 443 444
normal_triangle 66 145 143 444 443 445
normal_triangle 129 193 191 446 447 448
normal_triangle 191 127 129 449 450 451
normal_triangle 105 144 102 452 453 454
normal_triangle 102 144 146 454 453 455
normal_triangle 128 192 194 456 457 458
normal_triangle 194 130 128 459 460 461
normal_triangle 72 147 69 462 463 464
normal_triangle 69 147 145 464 463 465
normal_triangle 131 195 193 466 467 468
normal_triangle 193 129 131 469 470 471
normal_triangle 102 146 99 472 473 474
normal_triangle 99 146 148 474 473 475
normal_triangle 130 194 196 476 477 478
normal_triangle 196 132 130 479 480 481
normal_triangle 75 149 72 482 483 484
normal_triangle 72 149 147 484 483 485
normal_triangle 133 197 195 486 487 488
normal_triangle 195 131 133 489 490 491
normal_triangle 99 148 96 492 493 494
normal_triangle 96 148 150 494 493 495
normal_triangle 132 196 198 496 497 498
normal_triangle 198 134 132 499 500 501
normal_triangle 78 151 75 502 503 504
normal_triangle 75 151 149 504 503 505
normal_triangle 135 199 197 506 507 508
normal_triangle 197 133 135 509 510 511
normal_triangle 96 150 93 512 513 514
normal_triangle 93 150 152 514 513 515
normal_triangle 134 198 200 516 517 518
normal_triangle 200 136 134 519 520 521
normal_triangle 81 153 78 522 523 524
normal_triangle 78 153 151 524 523 525
normal_triangle 137 201 199 526 527 528
normal_triangle 199 135 137 529 530 531
normal_triangle 93 152 90 532 533 534
normal_triangle 90 152 154 534 533 535
normal_triangle 136 200 202 536 537 538
normal_triangle 202 138 136 539 540 541
normal_triangle 84 155 81 542 543 544
normal_triangle 81 155 153 544 543 545
normal_triangle 139 203 201 546 547 548
normal_triangle 201 137 139 549 550 551
normal_triangle 90 154 87 552 553 554
normal_triangle 87 154 156 554 553 555
normal_triangle 138 202 204 556 557 558
normal_triangle 204 140 138 559 560 561
normal_triangle 87 156 84 562 563 564
normal_triangle 84 156 155 564 563 565
normal_triangle 140 204 203 566 567 568
normal_triangle 203 139 140 569 570 571
normal_triangle 160 159 158 572 573 574
normal_triangle 158 157 160 575 576 577
normal_triangle 142 141 160 578 579 580
normal_triangle 160 157 142 581 582 583
normal_triangle 125 126 158 584 585 586
normal_triangle 158 159 125 587 588 589
normal_triangle 162 161 159 590 591 592
normal_triangle 159 160 162 593 594 595
normal_triangle 141 143 162 596 597 598
normal_triangle 162 160 141 599 600 601
normal_triangle 127 125 159 602 603 604
normal_triangle 159 161 127 605 606 607
normal_triangle 157 158 164 608 609 610
normal_triangle 164 163 157 611 612 613
normal_triangle 144 142 157 614 615 616
normal_triangle 157 163 144 617 618 619
normal_triangle 126 128 164 620 621 622
normal_triangle 164 158 126 623 624 625
normal_triangle 166 165 161 626 627 628
normal_triangle 161 162 166 629 630 631
normal_triangle 143 145 166 632 633 634
normal_triangle 166 162 143 635 636 637
normal_triangle 129 127 161 638 639 640
normal_triangle 161 165 129 641 642 643
normal_triangle 163 164 168 644 645 646
normal_triangle 168 167 163 647 648 649
normal_triangle 146 144 163 650 651 652
normal_triangle 163 167 146 653 654 655
normal_triangle 128 130 168 656 657 658
normal_triangle 168 164 128 659 660 661
normal_triangle 170 169 165 662 663 664
normal_triangle 165 166 170 665 666 667
normal_triangle 145 147 170 668 669 670
normal_triangle 170 166 145 671 672 673
normal_triangle 131 129 165 674 675 676
normal_triangle 165 169 131 677 678 679
normal_triangle 167 168 172 680 681 682
normal_triangle 172 171 167 683 684 685
normal_triangle 148 146 167 686 687 688
normal_triangle 167 171 148 689 690 691
normal_triangle 130 132 172 692 693 694
normal_triangle 172 168 130 695 696 697
normal_triangle 174 173 169 698 699 700
normal_triangle 169 170 174 701 702 703
normal_triangle 147 149 174 704 705 706
normal_triangle 174 170 147 707 708 709
normal_triangle 133 131 169 710 711 712
normal_triangle 169 173 133 713 714 715
normal_triangle 171 172 176 716 717 718
normal_triangle 176 175 171 719 720 721
normal_triangle 150 148 171 722 723 724
normal_triangle 171 175 150 725 726 727
normal_triangle 132 134 176 728 729 730
normal_triangle 176 172 132 731 732 733
normal_triangle 178 177 173 734 735 736
normal_triangle 173 174 178 737 738 739
normal_triangle 149 151 178 740 741 742
normal_triangle 178 174 149 743 744 745
normal_triangle 135 133 173 746 747 748
normal_triangle 173 177 135 749 750 751
normal_triangle 175 176 180 752 753 754
normal_triangle 180 179 175 755 756 757
normal_triangle 152 150 175 758 759 760
normal_triangle 175 179 152 761 762 763
normal_triangle 134 136 180 764 765 766
normal_triangle 180 176 134 767 768 769
normal_triangle 182 181 177 770 771 772
normal_triangle 177 178 182 773 774 775
normal_triangle 151 153 182 776 777 778
normal_triangle 182 178 151 779 780 781
normal_triangle 137 135 177 782 783 784
normal_triangle 177 181 137 785 786 787
normal_triangle 179 180 184 788 789 790
normal_triangle 184 183 179 791 792 793
normal_triangle 154 152 179 794 795 796
normal_triangle 179 183 154 797 798 799
normal_triangle 136 138 184 800 801 802
normal_triangle 184 180 136 803 804 805
normal_triangle 186 185 181 806 807 808
normal_triangle 181 182 186 809 810 811
normal_triangle 153 155 186 812 813 814
normal_triangle 186 182 153 815 816 817
normal_triangle 139 137 181 818 819 820
normal_triangle 181 185 139 821 822 823
normal_triangle 183 184 188 824 825 826
normal_triangle 188 187 183 827 828 829
normal_triangle 156 154 183 830 831 832
normal_triangle 183 187 156 833 834 835
normal_triangle 138 140 188 836 837 838
normal_triangle 188 184 138 839 840 841
normal_triangle 187 188 185 842 843 844
normal_triangle 185 186 187 845 846 847
normal_triangle 155 156 187 848 849 850
normal_triangle 187 186 155 851 852 853
normal_triangle 140 139 185 854 855 856
normal_triangle 185 188 140 857 858 859
normal_triangle 189 109 110 860 861 862
normal_triangle 110 190 189 863 864 865
normal_triangle 191 111 109 866 867 868
normal_triangle 109 189 191 869 870 871
normal_triangle 190 110 112 872 873 874
normal_triangle 112 192 190 875 876 877
normal_triangle 193 113 111 878 879 880
normal_triangle 111 191 193 881 882 883
normal_triangle 192 112 114 884 885 886
normal_triangle 114 194 192 887 888 889
normal_triangle 195 115 113 890 891 892
normal_triangle 113 193 195 893 894 895
normal_triangle 194 114 116 896 897 898
normal_triangle 116 196 194 899 900 901
normal_triangle 197 117 115 902 903 904
normal_triangle 115 195 197 905 906 907
normal_triangle 196 116 118 908 909 910
normal_triangle 118 198 196 911 912 913
normal_triangle 199 119 117 914 915 916
normal_triangle 117 197 199 917 918 919
normal_triangle 198 118 120 920 921 922
normal_triangle 120 200 198 923 924 925
normal_triangle 201 121 119 926 927 928
normal_triangle 119 199 201 929 930 931
normal_triangle 200 120 122 932 933 934
normal_triangle 122 202 200 935 936 937
normal_triangle 203 123 121 938 939 940
normal_triangle 121 201 203 941 942 943
normal_triangle 202 122 124 944 945 946
normal_triangle 124 204 202 947 948 949
normal_triangle 204 124 123 950 951 952
normal_triangle 123 203 204 953 954 955
normal_triangle 45 44 206 956 957 958
normal_triangle 206 44 205 958 957 959
normal_triangle 46 45 207 960 961 962
normal_triangle 207 45 206 962 961 963
normal_triangle 47 46 208 964 965 966
normal_triangle 208 46 207 966 965 967
normal_triangle 48 47 209 968 969 970
normal_triangle 209 47 208 970 969 971
normal_triangle 49 48 210 972 973 974
normal_triangle 210 48 209 974 973 975
normal_triangle 50 49 211 976 977 978
normal_triangle 211 49 210 978 977 979
normal_triangle 51 50 212 980 981 982
normal_triangle 212 50 211 982 981 983
normal_triangle 52 51 213 984 985 986
normal_triangle 213 51 212 986 985 987
normal_triangle 53 52 214 988 989 990
normal_triangle 214 52 213 990 989 991
normal_triangle 54 53 215 992 993 994
normal_triangle 215 53 214 994 993 995
normal_triangle 55 54 216 996 997 998
normal_triangle 216 54 215 998 997 999
normal_triangle 56 55 217 1000 1001 1002
normal_triangle 217 55 216 1002 1001 1003
normal_triangle 57 56 218 1004 1005 1006
normal_triangle 218 56 217 1006 1005 1007
normal_triangle 58 57 219 1008 1009 1010
normal_triangle 219 57 218 1010 1009 1011
normal_triangle 59 58 220 1012 1013 1014
normal_triangle 220 58 219 1014 1013 1015
normal_triangle 44 59 205 1016 1017 1018
normal_triangle 205 59 220 1018 1017 1019
normal_triangle 236 60 221 1020 1021 1022
normal_triangle 234 60 235 1023 1024 1025
normal_triangle 232 60 233 1026 1027 1028
normal_triangle 230 60 231 1029 1030 1031
normal_triangle 228 60 229 1032 1033 1034
normal_triangle 226 60 227 1035 1036 1037
normal_triangle 224 60 225 1038 1039 1040
normal_triangle 222 60 223 1041 1042 1043
normal_triangle 207 206 222 1044 1045 1046
normal_triangle 222 223 207 1047 1048 1049
normal_triangle 209 208 224 1050 1051 1052
normal_triangle 224 225 209 1053 1054 1055
normal_triangle 211 210 226 1056 1057 1058
normal_triangle 226 227 211 1059 1060 1061
normal_triangle 213 212 228 1062 1063 1064
normal_triangle 228 229 213 1065 1066 1067
normal_triangle 215 214 230 1068 1069 1070
normal_triangle 230 231 215 1071 1072 1073
normal_triangle 217 216 232 1074 1075 1076
normal_triangle 232 233 217 1077 1078 1079
normal_triangle 219 218 234 1080 1081 1082
normal_triangle 234 235 219 1083 1084 1085
normal_triangle 205 220 236 1086 1087 1088
normal_triangle 236 221 205 1089 1090 1091
normal_triangle 239 238 237 1092 1093 1094
normal_triangle 60 236 237 1095 1096 1097
normal_triangle 237 238 60 1098 1099 1100
normal_triangle 235 60 238 1101 1102 1103
normal_triangle 238 239 235 1104 1105 1106
normal_triangle 241 238 240 1107 1108 1109
normal_triangle 60 234 240 1110 1111 1112
normal_triangle 240 238 60 1113 1114 1115
normal_triangle 233 60 238 1116 1117 1118
normal_triangle 238 241 233 1119 1120 1121
normal_triangle 243 238 242 1122 1123 1124
normal_triangle 60 232 242 1125 1126 1127
normal_triangle 242 238 60 1128 1129 1130
normal_triangle 231 60 238 1131 1132 1133
normal_triangle 238 243 231 1134 1135 1136
normal_triangle 245 238 244 1137 1138 1139
normal_triangle 60 230 244 1140 1141 1142
normal_triangle 244 238 60 1143 1144 1145
normal_triangle 229 60 238 1146 1147 1148
normal_triangle 238 245 229 1149 1150 1151
normal_triangle 247 238 246 1152 1153 1154
normal_triangle 60 228 246 1155 1156 1157
normal_triangle 246 238 60 1158 1159 1160
normal_triangle 227 60 238 1161 1162 1163
normal_triangle 238 247 227 1164 1165 1166
normal_triangle 249 238 248 1167 1168 1169
normal_triangle 60 226 248 1170 1171 1172
normal_triangle 248 238 60 1173 1174 1175
normal_triangle 225 60 238 1176 1177 1178
normal_triangle 238 249 225 1179 1180 1181
normal_triangle 251 238 250 1182 1183 1184
normal_triangle 60 224 250 1185 1186 1187
normal_triangle 250 238 60 1188 1189 1190
normal_triangle 223 60 238 1191 1192 1193
normal_triangle 238 251 223 1194 1195 1196
normal_triangle 253 238 252 1197 1198 1199
normal_triangle 60 222 252 1200 1201 1202
normal_triangle 252 238 60 1203 1204 1205
normal_triangle 221 60 238 1206 1207 1208
normal_triangle 238 253 221 1209 1210 1211
normal_triangle 206 205 253 1212 1213 1214
normal_triangle 253 252 206 1215 1216 1217
normal_triangle 222 206 252 1218 1219 1220
normal_triangle 205 221 253 1221 1222 1223
normal_triangle 208 207 251 1224 1225 1226
normal_triangle 251 250 208 1227 1228 1229
normal_triangle 224 208 250 1230 1231 1232
normal_triangle 207 223 251 1233 1234 1235
normal_triangle 210 209 249 1236 1237 1238
normal_triangle 249 248 210 1239 1240 1241
normal_triangle 226 210 248 1242 1243 1244
normal_triangle 209 225 249 1245 1246 1247
normal_triangle 212 211 247 1248 1249 1250
normal_triangle 247 246 212 1251 1252 1253
normal_triangle 228 212 246 1254 1255 1256
normal_triangle 211 227 247 1257 1258 1259
normal_triangle 214 213 245 1260 1261 1262
normal_triangle 245 244 214 1263 1264 1265
normal_triangle 230 214 244 1266 1267 1268
normal_triangle 213 229 245 1269 1270 1271
normal_triangle 216 215 243 1272 1273 1274
normal_triangle 243 242 216 1275 1276 1277
normal_triangle 232 216 242 1278 1279 1280
normal_triangle 215 231 243 1281 1282 1283
normal_triangle 218 217 241 1284 1285 1286
normal_triangle 241 240 218 1287 1288 1289
normal_triangle 234 218 240 1290 1291 1292
normal_triangle 217 233 241 1293 1294 1295
normal_triangle 220 219 239 1296 1297 1298
normal_triangle 239 237 220 1299 1300 1301
normal_triangle 236 220 237 1302 1303 1304
normal_triangle 219 235 239 1305 1306 1307
normal_triangle 255 254 271 1308 1309 1310
normal_triangle 271 270 255 1311 1312 1313
normal_triangle 254 256 272 1314 1315 1316
normal_triangle 272 271 254 1317 1318 1319
normal_triangle 257 255 270 1320 1321 1322
normal_triangle 270 273 257 1323 1324 1325
normal_triangle 256 258 274 1326 1327 1328
normal_triangle 274 272 256 1329 1330 1331
normal_triangle 259 257 273 1332 1333 1334
normal_triangle 273 275 259 1335 1336 1337
normal_triangle 258 260 276 1338 1339 1340
normal_triangle 276 274 258 1341 1342 1343
normal_triangle 261 259 275 1344 1345 1346
normal_triangle 275 277 261 1347 1348 1349
normal_triangle 260 262 278 1350 1351 1352
normal_triangle 278 276 260 1353 1354 1355
normal_triangle 263 261 277 1356 1357 1358
normal_triangle 277 279 263 1359 1360 1361
normal_triangle 262 264 280 1362 1363 1364
normal_triangle 280 278 262 1365 1366 1367
normal_triangle 265 263 279 1368 1369 1370
normal_triangle 279 281 265 1371 1372 1373
normal_triangle 264 266 282 1374 1375 1376
normal_triangle 282 280 264 1377 1378 1379
normal_triangle 267 265 281 1380 1381 1382
normal_triangle 281 283 267 1383 1384 1385
normal_triangle 266 268 284 1386 1387 1388
normal_triangle 284 282 266 1389 1390 1391
normal_triangle 269 267 283 1392 1393 1394
normal_triangle 283 285 269 1395 1396 1397
normal_triangle 268 269 285 1398 1399 1400
normal_triangle 285 284 268 1401 1402 1403
